Date,Open,High,Low,Close,Volume
2015-12-28 00:00:00+05:30,1184.0,1219.0,1160.7,1168.3,21136
2015-12-29 00:00:00+05:30,1177.7,1210.0,1150.55,1160.1,37904
2015-12-30 00:00:00+05:30,1172.4,1182.45,1134.4,1139.15,26395
2015-12-31 00:00:00+05:30,1148.0,1152.0,1124.0,1131.9,12726
2016-01-01 00:00:00+05:30,1135.5,1181.4,1133.4,1156.4,23288
2016-01-04 00:00:00+05:30,1159.0,1178.0,1120.2,1131.55,23700
2016-01-05 00:00:00+05:30,1135.0,1165.5,1128.0,1157.3,28801
2016-01-06 00:00:00+05:30,1155.0,1230.0,1155.0,1180.0,87345
2016-01-07 00:00:00+05:30,1161.0,1180.0,1110.0,1117.1,41647
2016-01-08 00:00:00+05:30,1131.35,1160.0,1131.35,1140.25,24806
2016-01-11 00:00:00+05:30,1124.0,1190.0,1124.0,1144.15,31066
2016-01-12 00:00:00+05:30,1150.0,1173.95,1114.0,1120.5,23743
2016-01-13 00:00:00+05:30,1133.35,1144.9,1059.0,1099.05,39884
2016-01-14 00:00:00+05:30,1070.0,1110.05,1045.8,1060.85,24058
2016-01-15 00:00:00+05:30,1069.0,1097.95,1020.0,1040.45,27287
2016-01-18 00:00:00+05:30,1040.15,1094.0,1000.0,1049.3,71688
2016-01-19 00:00:00+05:30,1050.0,1050.0,1002.0,1014.05,20203
2016-01-20 00:00:00+05:30,1002.1,1018.6,911.1,953.85,38188
2016-01-21 00:00:00+05:30,964.4,998.8,949.0,955.05,14164
2016-01-22 00:00:00+05:30,978.0,1006.0,955.0,992.4,21393
2016-01-25 00:00:00+05:30,1008.0,1045.05,975.05,1019.75,31403
2016-01-27 00:00:00+05:30,978.0,1034.0,950.0,1016.9,32738
2016-01-28 00:00:00+05:30,1014.95,1035.1,996.55,1009.2,13647
2016-01-29 00:00:00+05:30,1028.85,1028.85,996.1,1000.85,19622
2016-02-01 00:00:00+05:30,1012.6,1017.5,990.1,1007.35,10094
2016-02-02 00:00:00+05:30,1005.05,1005.35,990.85,994.05,11586
2016-02-03 00:00:00+05:30,992.0,1003.95,968.35,981.9,11975
2016-02-04 00:00:00+05:30,998.85,1000.0,984.0,989.45,14009
2016-02-05 00:00:00+05:30,994.6,1004.95,964.0,972.75,9484
2016-02-08 00:00:00+05:30,967.0,990.0,963.0,969.75,6648
2016-02-09 00:00:00+05:30,961.2,976.5,907.8,931.15,10877
2016-02-10 00:00:00+05:30,944.95,944.95,861.0,889.3,24182
2016-02-11 00:00:00+05:30,871.0,906.65,711.5,859.1,80082
2016-02-12 00:00:00+05:30,859.8,882.75,786.6,813.2,21971
2016-02-15 00:00:00+05:30,820.0,860.9,820.0,834.6,78974
2016-02-16 00:00:00+05:30,850.95,865.0,815.0,824.75,12040
2016-02-17 00:00:00+05:30,851.0,851.0,796.5,804.1,32363
2016-02-18 00:00:00+05:30,810.05,826.2,808.0,815.2,8240
2016-02-19 00:00:00+05:30,810.05,829.0,808.4,820.35,2941
2016-02-22 00:00:00+05:30,820.0,840.0,810.0,816.4,6902
2016-02-23 00:00:00+05:30,820.0,826.0,812.0,815.2,10018
2016-02-24 00:00:00+05:30,816.0,829.0,801.0,806.9,6642
2016-02-25 00:00:00+05:30,801.05,819.95,790.7,810.2,7034
2016-02-26 00:00:00+05:30,818.95,818.95,795.1,805.05,7901
2016-02-29 00:00:00+05:30,797.0,826.95,795.0,803.15,73583
2016-03-01 00:00:00+05:30,815.4,845.0,807.3,840.2,6718
2016-03-02 00:00:00+05:30,854.95,890.05,840.9,860.0,10310
2016-03-03 00:00:00+05:30,851.0,894.0,846.95,869.8,13045
2016-03-04 00:00:00+05:30,870.05,880.15,859.0,863.25,8932
2016-03-08 00:00:00+05:30,869.0,878.9,828.55,843.0,8387
2016-03-09 00:00:00+05:30,825.5,853.9,825.0,849.05,4888
2016-03-10 00:00:00+05:30,840.9,855.2,825.1,835.6,2993
2016-03-11 00:00:00+05:30,834.9,855.0,820.15,825.85,12223
2016-03-14 00:00:00+05:30,830.05,840.9,826.5,832.5,16028
2016-03-15 00:00:00+05:30,830.05,865.75,825.05,834.75,25051
2016-03-16 00:00:00+05:30,839.95,862.0,836.7,848.65,13652
2016-03-17 00:00:00+05:30,859.8,954.5,845.0,899.7,95815
2016-03-18 00:00:00+05:30,893.0,935.0,893.0,905.8,27100
2016-03-21 00:00:00+05:30,906.95,932.7,896.1,921.9,14507
2016-03-22 00:00:00+05:30,920.0,942.4,901.05,913.85,9462
2016-03-23 00:00:00+05:30,915.0,928.0,890.1,896.85,8258
2016-03-28 00:00:00+05:30,899.0,902.8,850.0,853.55,11971
2016-03-29 00:00:00+05:30,857.75,866.8,828.0,833.85,15978
2016-03-30 00:00:00+05:30,840.0,906.7,840.0,858.1,61967
2016-03-31 00:00:00+05:30,865.5,885.0,854.0,860.05,17115
2016-04-01 00:00:00+05:30,856.1,872.9,853.15,859.15,6081
2016-04-04 00:00:00+05:30,859.05,867.6,826.05,856.25,9087
2016-04-05 00:00:00+05:30,845.15,894.4,845.1,872.45,15113
2016-04-06 00:00:00+05:30,863.95,878.95,848.0,852.45,15008
2016-04-07 00:00:00+05:30,854.05,869.9,847.0,850.6,12373
2016-04-08 00:00:00+05:30,850.05,877.8,845.05,867.25,13427
2016-04-11 00:00:00+05:30,874.0,874.0,850.0,857.35,4625
2016-04-12 00:00:00+05:30,861.35,879.0,853.25,869.3,17122
2016-04-13 00:00:00+05:30,860.1,885.0,860.1,868.3,10568
2016-04-18 00:00:00+05:30,868.45,937.1,868.3,925.7,52982
2016-04-20 00:00:00+05:30,921.0,944.0,912.0,925.2,15752
2016-04-21 00:00:00+05:30,932.45,941.0,900.1,903.7,18591
2016-04-22 00:00:00+05:30,905.0,928.75,886.9,894.35,22769
2016-04-25 00:00:00+05:30,880.0,924.9,880.0,911.9,14506
2016-04-26 00:00:00+05:30,916.0,922.5,905.0,911.35,9581
2016-04-27 00:00:00+05:30,913.5,918.7,905.0,909.05,6934
2016-04-28 00:00:00+05:30,915.95,920.0,864.0,876.4,13751
2016-04-29 00:00:00+05:30,877.15,904.95,860.4,868.25,8071
2016-05-02 00:00:00+05:30,886.95,892.1,865.05,887.25,20935
2016-05-03 00:00:00+05:30,890.0,904.0,872.0,875.6,6869
2016-05-04 00:00:00+05:30,862.25,876.5,842.4,850.15,8780
2016-05-05 00:00:00+05:30,852.55,868.95,818.3,831.6,16570
2016-05-06 00:00:00+05:30,832.05,840.0,828.0,833.15,31257
2016-05-09 00:00:00+05:30,837.55,844.95,825.25,831.25,13149
2016-05-10 00:00:00+05:30,830.85,865.0,830.0,843.05,15885
2016-05-11 00:00:00+05:30,827.4,846.45,819.2,829.3,6246
2016-05-12 00:00:00+05:30,830.0,856.0,830.0,843.35,8192
2016-05-13 00:00:00+05:30,854.0,854.0,825.0,830.05,9692
2016-05-16 00:00:00+05:30,842.0,842.05,832.95,838.4,5168
2016-05-17 00:00:00+05:30,834.05,876.05,833.0,865.9,18912
2016-05-18 00:00:00+05:30,925.0,1017.0,896.2,984.35,453753
2016-05-19 00:00:00+05:30,981.05,997.4,911.0,920.9,86158
2016-05-20 00:00:00+05:30,924.95,960.0,888.0,909.05,32931
2016-05-23 00:00:00+05:30,904.9,957.35,904.9,921.0,46149
2016-05-24 00:00:00+05:30,925.1,943.5,914.0,918.9,14865
2016-05-25 00:00:00+05:30,929.0,942.0,910.0,917.8,11302
2016-05-26 00:00:00+05:30,920.0,959.9,876.4,889.35,124305
2016-05-27 00:00:00+05:30,895.05,898.0,841.35,847.3,47241
2016-05-30 00:00:00+05:30,844.1,875.0,836.0,845.65,20572
2016-05-31 00:00:00+05:30,846.0,856.6,830.0,832.95,28045
2016-06-01 00:00:00+05:30,835.0,842.6,820.0,830.45,17892
2016-06-02 00:00:00+05:30,833.75,839.9,828.9,832.6,13184
2016-06-03 00:00:00+05:30,837.1,850.1,801.0,804.95,34788
2016-06-06 00:00:00+05:30,804.95,845.0,804.95,822.95,27846
2016-06-07 00:00:00+05:30,821.05,843.85,820.0,832.4,16696
2016-06-08 00:00:00+05:30,832.15,840.0,824.15,827.5,5486
2016-06-09 00:00:00+05:30,833.85,833.85,820.0,820.55,8875
2016-06-10 00:00:00+05:30,825.4,833.05,811.1,815.1,15424
2016-06-13 00:00:00+05:30,810.1,825.0,808.0,813.35,7173
2016-06-14 00:00:00+05:30,811.3,823.0,811.0,813.65,7785
2016-06-15 00:00:00+05:30,812.5,821.8,803.0,806.7,17694
2016-06-16 00:00:00+05:30,810.05,834.7,804.9,828.65,29293
2016-06-17 00:00:00+05:30,826.8,871.65,814.0,840.25,35477
2016-06-20 00:00:00+05:30,837.8,852.0,829.0,844.25,12886
2016-06-21 00:00:00+05:30,845.2,883.0,838.1,867.1,39251
2016-06-22 00:00:00+05:30,874.0,879.95,848.8,860.5,13298
2016-06-23 00:00:00+05:30,847.9,859.9,844.1,854.5,4793
2016-06-24 00:00:00+05:30,830.0,851.9,801.1,844.9,25971
2016-06-27 00:00:00+05:30,840.0,854.95,835.0,836.95,18017
2016-06-28 00:00:00+05:30,847.25,874.7,840.0,856.7,10132
2016-06-29 00:00:00+05:30,869.9,900.0,846.05,867.25,27798
2016-06-30 00:00:00+05:30,870.05,882.0,860.0,871.65,11366
2016-07-01 00:00:00+05:30,873.5,889.0,873.5,878.05,14587
2016-07-04 00:00:00+05:30,885.0,890.0,860.15,870.35,10757
2016-07-05 00:00:00+05:30,874.1,900.0,856.15,888.1,33645
2016-07-07 00:00:00+05:30,878.65,900.0,873.15,875.45,6800
2016-07-08 00:00:00+05:30,878.0,882.9,852.45,859.7,6703
2016-07-11 00:00:00+05:30,875.0,878.95,855.5,860.0,9371
2016-07-12 00:00:00+05:30,861.6,907.0,854.85,877.5,44572
2016-07-13 00:00:00+05:30,862.75,893.0,856.0,862.25,23647
2016-07-14 00:00:00+05:30,862.5,875.35,850.2,858.6,9674
2016-07-15 00:00:00+05:30,864.4,869.0,840.0,842.5,12375
2016-07-18 00:00:00+05:30,849.0,865.0,836.45,845.95,13203
2016-07-19 00:00:00+05:30,849.0,853.0,832.0,837.95,7090
2016-07-20 00:00:00+05:30,840.1,852.8,832.3,840.8,12941
2016-07-21 00:00:00+05:30,842.7,850.0,825.05,832.8,13561
2016-07-22 00:00:00+05:30,832.0,875.0,825.0,855.65,131212
2016-07-25 00:00:00+05:30,845.35,859.0,825.0,828.3,27183
2016-07-26 00:00:00+05:30,836.4,860.0,826.0,837.15,91091
2016-07-27 00:00:00+05:30,850.05,850.85,832.0,835.95,12753
2016-07-28 00:00:00+05:30,838.0,865.0,835.0,836.55,10559
2016-07-29 00:00:00+05:30,837.25,847.95,809.0,813.6,21390
2016-08-01 00:00:00+05:30,812.0,825.0,806.05,812.65,13955
2016-08-02 00:00:00+05:30,811.3,830.0,790.0,797.9,16628
2016-08-03 00:00:00+05:30,802.05,803.3,780.0,792.35,17975
2016-08-04 00:00:00+05:30,795.7,818.6,762.5,784.4,75229
2016-08-05 00:00:00+05:30,781.95,794.8,770.0,776.65,18011
2016-08-08 00:00:00+05:30,779.95,813.4,773.7,786.7,14971
2016-08-09 00:00:00+05:30,794.0,797.15,751.0,759.55,26899
2016-08-10 00:00:00+05:30,755.05,770.0,745.0,748.85,10733
2016-08-11 00:00:00+05:30,757.4,758.55,720.0,726.3,16000
2016-08-12 00:00:00+05:30,733.95,734.5,688.0,711.45,37430
2016-08-16 00:00:00+05:30,715.0,725.0,704.3,713.3,21974
2016-08-17 00:00:00+05:30,702.5,716.0,702.5,710.45,16069
2016-08-18 00:00:00+05:30,712.1,738.9,712.1,731.45,16644
2016-08-19 00:00:00+05:30,729.45,769.0,720.0,737.6,24170
2016-08-22 00:00:00+05:30,741.4,751.0,732.25,736.6,7099
2016-08-23 00:00:00+05:30,731.25,758.0,731.25,747.4,12925
2016-08-24 00:00:00+05:30,745.0,745.0,695.55,711.1,25089
2016-08-25 00:00:00+05:30,707.05,725.0,706.3,712.1,11878
2016-08-26 00:00:00+05:30,710.0,729.85,709.15,721.9,20210
2016-08-29 00:00:00+05:30,709.0,726.0,709.0,711.35,6920
2016-08-30 00:00:00+05:30,719.95,724.0,706.5,712.45,10123
2016-08-31 00:00:00+05:30,715.3,745.0,715.0,730.75,24006
2016-09-01 00:00:00+05:30,732.45,743.0,722.8,731.0,9304
2016-09-02 00:00:00+05:30,732.25,742.0,725.1,727.4,7205
2016-09-06 00:00:00+05:30,726.3,733.0,710.0,717.4,7322
2016-09-07 00:00:00+05:30,725.9,730.05,710.0,710.45,8328
2016-09-08 00:00:00+05:30,711.0,718.25,710.0,710.95,11164
2016-09-09 00:00:00+05:30,711.15,776.0,702.1,759.0,238606
2016-09-12 00:00:00+05:30,750.0,750.0,720.05,730.4,22965
2016-09-14 00:00:00+05:30,730.4,794.0,721.65,771.15,75245
2016-09-15 00:00:00+05:30,776.95,795.0,757.0,788.55,32358
2016-09-16 00:00:00+05:30,790.0,812.3,777.9,803.05,49146
2016-09-19 00:00:00+05:30,803.0,819.4,791.1,796.0,16795
2016-09-20 00:00:00+05:30,801.7,817.0,791.0,805.2,40568
2016-09-21 00:00:00+05:30,819.0,822.0,795.25,800.25,22904
2016-09-22 00:00:00+05:30,808.0,818.0,795.55,799.95,9041
2016-09-23 00:00:00+05:30,796.0,812.0,795.0,802.05,15685
2016-09-26 00:00:00+05:30,804.0,829.9,802.6,816.0,34494
2016-09-27 00:00:00+05:30,817.0,825.0,816.1,820.7,20913
2016-09-28 00:00:00+05:30,825.0,825.0,819.9,820.45,10147
2016-09-29 00:00:00+05:30,825.0,858.0,775.0,794.95,87128
2016-09-30 00:00:00+05:30,798.95,825.0,791.05,819.45,10047
2016-10-03 00:00:00+05:30,825.0,838.0,812.95,828.3,20394
2016-10-04 00:00:00+05:30,836.75,847.9,825.65,837.1,14661
2016-10-05 00:00:00+05:30,840.0,844.0,825.05,832.85,13873
2016-10-06 00:00:00+05:30,827.1,838.95,827.1,830.55,8750
2016-10-07 00:00:00+05:30,824.4,860.0,823.6,852.8,22798
2016-10-10 00:00:00+05:30,859.9,881.05,855.0,862.45,35125
2016-10-13 00:00:00+05:30,855.95,869.95,850.0,851.6,13926
2016-10-14 00:00:00+05:30,855.0,879.9,852.1,871.4,18122
2016-10-17 00:00:00+05:30,878.0,910.0,864.1,878.1,29490
2016-10-18 00:00:00+05:30,888.4,895.0,855.1,869.1,11284
2016-10-19 00:00:00+05:30,862.0,895.0,860.5,879.6,6380
2016-10-20 00:00:00+05:30,894.95,897.0,862.35,885.4,9035
2016-10-21 00:00:00+05:30,894.5,913.5,881.8,909.35,12631
2016-10-24 00:00:00+05:30,910.0,940.0,899.7,911.35,22678
2016-10-25 00:00:00+05:30,902.0,925.95,901.0,904.05,11084
2016-10-26 00:00:00+05:30,900.0,917.8,881.95,891.65,9959
2016-10-27 00:00:00+05:30,890.05,912.0,882.0,889.35,27442
2016-10-28 00:00:00+05:30,891.0,891.2,865.0,868.0,9034
2016-10-30 00:00:00+05:30,869.0,882.0,865.8,876.95,4978
2016-11-01 00:00:00+05:30,876.5,876.95,850.0,858.25,9977
2016-11-02 00:00:00+05:30,852.55,859.0,846.0,850.3,6115
2016-11-03 00:00:00+05:30,848.45,859.0,840.0,845.15,12408
2016-11-04 00:00:00+05:30,849.9,850.0,811.0,819.55,9319
2016-11-07 00:00:00+05:30,810.1,840.0,810.1,831.3,3096
2016-11-08 00:00:00+05:30,823.5,841.0,816.1,820.95,8806
2016-11-09 00:00:00+05:30,770.0,815.0,705.55,794.9,13211
2016-11-10 00:00:00+05:30,811.95,825.0,802.0,806.25,7856
2016-11-11 00:00:00+05:30,795.0,806.15,762.1,782.1,14874
2016-11-15 00:00:00+05:30,823.0,823.0,709.5,722.7,14921
2016-11-16 00:00:00+05:30,741.25,775.0,721.55,742.75,7514
2016-11-17 00:00:00+05:30,736.25,759.8,732.15,743.3,7466
2016-11-18 00:00:00+05:30,743.0,765.0,729.0,749.8,14334
2016-11-21 00:00:00+05:30,748.25,775.95,712.0,720.1,13581
2016-11-22 00:00:00+05:30,715.05,741.45,684.1,702.65,8912
2016-11-23 00:00:00+05:30,693.0,720.2,692.05,709.7,6994
2016-11-24 00:00:00+05:30,697.5,724.0,697.5,716.65,3486
2016-11-25 00:00:00+05:30,707.0,734.0,707.0,727.2,3273
2016-11-28 00:00:00+05:30,738.95,752.5,712.5,731.25,11699
2016-11-29 00:00:00+05:30,726.0,739.6,723.8,732.5,2087
2016-11-30 00:00:00+05:30,723.8,740.0,720.0,731.4,3163
2016-12-01 00:00:00+05:30,721.5,742.4,711.1,718.15,3682
2016-12-02 00:00:00+05:30,712.5,730.0,702.5,708.0,4065
2016-12-05 00:00:00+05:30,726.95,726.95,702.0,714.3,5099
2016-12-06 00:00:00+05:30,721.2,722.4,709.8,714.1,2673
2016-12-07 00:00:00+05:30,706.8,723.0,703.25,710.05,1889
2016-12-08 00:00:00+05:30,721.95,726.9,690.0,702.1,21656
2016-12-09 00:00:00+05:30,702.0,724.9,702.0,720.85,3242
2016-12-12 00:00:00+05:30,728.95,728.95,711.0,713.7,1845
2016-12-13 00:00:00+05:30,707.5,720.0,705.1,708.65,3153
2016-12-14 00:00:00+05:30,707.0,715.7,696.2,700.55,5706
2016-12-15 00:00:00+05:30,699.05,713.7,696.1,700.85,2565
2016-12-16 00:00:00+05:30,709.55,711.9,687.95,693.25,6586
2016-12-19 00:00:00+05:30,695.0,701.4,664.35,667.7,8994
2016-12-20 00:00:00+05:30,674.95,685.0,662.0,668.2,5078
2016-12-21 00:00:00+05:30,678.95,678.95,655.1,661.1,4203
2016-12-22 00:00:00+05:30,655.2,676.0,651.6,665.7,13431
2016-12-23 00:00:00+05:30,668.05,677.85,656.75,675.45,14251
2016-12-26 00:00:00+05:30,671.5,681.45,654.9,663.45,5735
2016-12-27 00:00:00+05:30,650.0,683.0,650.0,679.05,113622
2016-12-28 00:00:00+05:30,667.0,780.0,667.0,721.85,143403
2016-12-29 00:00:00+05:30,720.0,725.0,697.65,707.55,9190
2016-12-30 00:00:00+05:30,709.9,727.85,700.0,707.5,11423
2017-01-02 00:00:00+05:30,694.0,719.5,694.0,712.3,6332
2017-01-03 00:00:00+05:30,705.15,745.8,705.1,722.75,13535
2017-01-04 00:00:00+05:30,717.0,742.4,705.55,712.75,7345
2017-01-05 00:00:00+05:30,715.0,735.1,709.95,711.25,11125
2017-01-06 00:00:00+05:30,715.0,725.0,710.0,712.65,5222
2017-01-09 00:00:00+05:30,707.0,723.7,706.1,709.8,6074
2017-01-10 00:00:00+05:30,712.05,719.0,710.5,711.9,2696
2017-01-11 00:00:00+05:30,719.0,727.85,711.5,721.55,4159
2017-01-12 00:00:00+05:30,720.0,721.0,710.0,710.6,3199
2017-01-13 00:00:00+05:30,719.95,740.0,712.25,728.1,12158
2017-01-16 00:00:00+05:30,728.1,752.0,722.0,747.0,9651
2017-01-17 00:00:00+05:30,736.0,799.0,736.0,766.25,54170
2017-01-18 00:00:00+05:30,761.95,804.0,761.95,788.75,30066
2017-01-19 00:00:00+05:30,785.0,801.0,772.25,794.85,6395
2017-01-20 00:00:00+05:30,796.0,805.0,772.0,783.9,7227
2017-01-23 00:00:00+05:30,798.9,822.35,784.0,804.2,22558
2017-01-24 00:00:00+05:30,792.9,818.0,791.0,809.4,11569
2017-01-25 00:00:00+05:30,805.0,830.5,802.0,809.0,16711
2017-01-27 00:00:00+05:30,819.0,824.9,805.2,812.3,7760
2017-01-30 00:00:00+05:30,802.55,825.9,802.0,821.35,9203
2017-01-31 00:00:00+05:30,806.5,824.5,806.5,816.6,6230
2017-02-01 00:00:00+05:30,825.95,832.0,812.25,827.7,8365
2017-02-02 00:00:00+05:30,815.0,815.0,764.0,779.95,58018
2017-02-03 00:00:00+05:30,786.0,810.7,785.5,799.35,15124
2017-02-06 00:00:00+05:30,793.5,807.5,793.0,798.0,6162
2017-02-07 00:00:00+05:30,804.0,804.0,781.0,785.0,3795
2017-02-08 00:00:00+05:30,787.35,795.15,782.5,783.95,2996
2017-02-09 00:00:00+05:30,786.0,807.0,784.05,804.1,15919
2017-02-10 00:00:00+05:30,801.0,810.0,792.1,804.4,14672
2017-02-13 00:00:00+05:30,807.3,809.7,795.1,805.8,6277
2017-02-14 00:00:00+05:30,801.05,805.8,775.0,781.7,35680
2017-02-15 00:00:00+05:30,788.05,797.0,775.0,779.3,3806
2017-02-16 00:00:00+05:30,790.0,790.0,775.1,789.0,2874
2017-02-17 00:00:00+05:30,786.35,786.35,775.5,778.7,5192
2017-02-20 00:00:00+05:30,776.95,787.0,772.15,777.4,5076
2017-02-21 00:00:00+05:30,799.0,799.2,768.0,773.2,4807
2017-02-22 00:00:00+05:30,784.0,784.0,755.0,761.05,7424
2017-02-23 00:00:00+05:30,760.05,773.8,746.0,749.85,14878
2017-02-27 00:00:00+05:30,760.95,760.95,745.1,745.85,3312
2017-02-28 00:00:00+05:30,759.95,776.0,741.55,767.0,6951
2017-03-01 00:00:00+05:30,780.0,780.0,753.1,758.0,6747
2017-03-02 00:00:00+05:30,759.05,766.8,748.95,753.55,6965
2017-03-03 00:00:00+05:30,759.8,764.55,750.15,762.8,5444
2017-03-06 00:00:00+05:30,764.0,771.05,752.0,756.15,4468
2017-03-07 00:00:00+05:30,765.0,770.0,752.0,766.0,5202
2017-03-08 00:00:00+05:30,759.05,770.0,751.0,757.2,5318
2017-03-09 00:00:00+05:30,758.0,758.0,743.35,748.15,5573
2017-03-10 00:00:00+05:30,750.85,756.7,742.1,747.05,10646
2017-03-14 00:00:00+05:30,760.0,760.0,749.0,754.55,22001
2017-03-15 00:00:00+05:30,752.3,756.8,747.05,749.85,8959
2017-03-16 00:00:00+05:30,755.0,755.0,745.0,747.7,19642
2017-03-17 00:00:00+05:30,749.95,750.0,740.15,746.2,7743
2017-03-20 00:00:00+05:30,749.9,755.0,728.0,737.9,6841
2017-03-21 00:00:00+05:30,726.0,739.55,725.0,728.8,11404
2017-03-22 00:00:00+05:30,722.4,726.0,710.1,715.65,130948
2017-03-23 00:00:00+05:30,713.95,750.0,710.0,738.1,87208
2017-03-24 00:00:00+05:30,733.1,746.8,724.0,734.55,9707
2017-03-27 00:00:00+05:30,723.9,742.0,723.9,733.4,21642
2017-03-28 00:00:00+05:30,727.75,746.85,726.0,734.1,10288
2017-03-29 00:00:00+05:30,730.0,745.0,720.15,726.15,12642
2017-03-30 00:00:00+05:30,731.0,804.55,726.05,780.45,125492
2017-03-31 00:00:00+05:30,780.0,819.0,772.2,779.6,20362
2017-04-03 00:00:00+05:30,768.0,810.0,768.0,801.5,15742
2017-04-05 00:00:00+05:30,791.05,806.9,788.1,803.75,29537
2017-04-06 00:00:00+05:30,792.4,828.0,792.4,800.65,37073
2017-04-07 00:00:00+05:30,792.0,822.7,791.95,801.95,52678
2017-04-10 00:00:00+05:30,803.5,817.15,797.1,809.1,22251
2017-04-11 00:00:00+05:30,803.6,872.0,803.6,851.45,73105
2017-04-12 00:00:00+05:30,850.0,854.0,818.0,833.4,30328
2017-04-13 00:00:00+05:30,822.95,902.6,822.95,866.45,126962
2017-04-17 00:00:00+05:30,865.15,874.7,830.5,837.95,28033
2017-04-18 00:00:00+05:30,834.1,890.0,834.1,842.05,69031
2017-04-19 00:00:00+05:30,835.85,884.2,835.85,871.5,50589
2017-04-20 00:00:00+05:30,881.0,890.0,866.0,869.1,24077
2017-04-21 00:00:00+05:30,867.1,884.1,850.35,854.05,16844
2017-04-24 00:00:00+05:30,861.85,871.5,845.1,849.15,12259
2017-04-25 00:00:00+05:30,852.95,875.95,841.0,847.1,30329
2017-04-26 00:00:00+05:30,855.0,862.35,825.0,828.65,22657
2017-04-27 00:00:00+05:30,837.9,846.45,822.45,829.45,16810
2017-04-28 00:00:00+05:30,838.95,855.95,817.1,826.7,19508
2017-05-02 00:00:00+05:30,827.5,854.5,827.5,852.0,17196
2017-05-03 00:00:00+05:30,854.75,863.9,835.1,839.5,44824
2017-05-04 00:00:00+05:30,812.05,854.0,812.05,844.2,74482
2017-05-05 00:00:00+05:30,840.0,867.0,834.5,850.15,44915
2017-05-08 00:00:00+05:30,854.0,882.35,848.85,875.05,24834
2017-05-09 00:00:00+05:30,875.1,932.4,863.05,905.05,100977
2017-05-10 00:00:00+05:30,909.0,929.0,907.0,919.05,35097
2017-05-11 00:00:00+05:30,925.75,943.0,912.0,936.95,44147
2017-05-12 00:00:00+05:30,940.5,975.0,921.5,965.05,41274
2017-05-15 00:00:00+05:30,951.4,1014.4,951.4,1002.75,58616
2017-05-16 00:00:00+05:30,1011.65,1053.7,1000.0,1041.45,77206
2017-05-17 00:00:00+05:30,1049.95,1052.45,1010.0,1021.45,37290
2017-05-18 00:00:00+05:30,1029.95,1099.0,989.25,1046.5,82611
2017-05-19 00:00:00+05:30,1035.05,1075.0,1005.7,1019.35,28595
2017-05-22 00:00:00+05:30,1022.25,1044.0,1008.0,1033.65,18388
2017-05-23 00:00:00+05:30,1033.0,1033.0,988.85,997.75,20166
2017-05-24 00:00:00+05:30,994.0,1040.0,950.0,1016.2,30422
2017-05-25 00:00:00+05:30,1010.05,1035.0,988.0,1020.65,19424
2017-05-26 00:00:00+05:30,1028.0,1086.0,1020.0,1071.9,35103
2017-05-29 00:00:00+05:30,1075.0,1110.0,1055.0,1071.5,35676
2017-05-30 00:00:00+05:30,1061.0,1083.0,1052.05,1070.85,11224
2017-05-31 00:00:00+05:30,1070.85,1106.0,1064.0,1071.6,13431
2017-06-01 00:00:00+05:30,1079.6,1095.0,1065.05,1088.15,11157
2017-06-02 00:00:00+05:30,1089.9,1109.0,1070.0,1073.0,14879
2017-06-05 00:00:00+05:30,1082.8,1133.0,1075.05,1112.4,48399
2017-06-06 00:00:00+05:30,1110.05,1126.0,1092.05,1105.75,22189
2017-06-07 00:00:00+05:30,1111.0,1159.9,1100.0,1105.75,75511
2017-06-08 00:00:00+05:30,1100.05,1160.0,1088.05,1143.2,22217
2017-06-09 00:00:00+05:30,1150.0,1198.95,1150.0,1176.65,90766
2017-06-12 00:00:00+05:30,1180.0,1204.9,1122.0,1143.3,54161
2017-06-13 00:00:00+05:30,1152.0,1189.0,1125.5,1133.0,29554
2017-06-14 00:00:00+05:30,1134.45,1149.95,1065.05,1080.9,48527
2017-06-15 00:00:00+05:30,1085.0,1095.0,1055.0,1059.45,42190
2017-06-16 00:00:00+05:30,1061.0,1064.3,1006.5,1017.8,46688
2017-06-19 00:00:00+05:30,1031.0,1033.0,986.05,992.7,46604
2017-06-20 00:00:00+05:30,985.0,1015.0,980.0,984.3,40209
2017-06-21 00:00:00+05:30,990.0,1002.0,980.0,994.0,58325
2017-06-22 00:00:00+05:30,996.0,1005.55,985.15,991.9,39311
2017-06-23 00:00:00+05:30,995.0,995.2,962.1,979.05,8626
2017-06-27 00:00:00+05:30,965.0,980.75,951.0,966.9,12286
2017-06-28 00:00:00+05:30,965.0,986.0,950.1,962.25,9830
2017-06-29 00:00:00+05:30,978.0,990.0,970.0,983.25,10021
2017-06-30 00:00:00+05:30,986.0,986.5,966.35,974.5,6569
2017-07-03 00:00:00+05:30,976.0,1001.35,976.0,987.35,19844
2017-07-04 00:00:00+05:30,987.0,994.35,975.0,978.7,2275
2017-07-05 00:00:00+05:30,990.0,992.0,981.0,988.45,3359
2017-07-06 00:00:00+05:30,992.0,999.95,971.0,974.2,7867
2017-07-07 00:00:00+05:30,978.0,994.0,965.05,981.8,11680
2017-07-10 00:00:00+05:30,978.0,989.0,960.0,975.5,885
2017-07-11 00:00:00+05:30,987.6,1000.0,972.05,983.85,30352
2017-07-12 00:00:00+05:30,974.0,990.0,971.25,981.75,28272
2017-07-13 00:00:00+05:30,984.9,989.4,975.05,986.25,7518
2017-07-14 00:00:00+05:30,985.2,985.2,972.0,976.0,6344
2017-07-17 00:00:00+05:30,982.0,982.0,943.9,956.15,33948
2017-07-18 00:00:00+05:30,973.9,979.0,961.5,965.1,28663
2017-07-19 00:00:00+05:30,982.95,982.95,966.0,971.15,25913
2017-07-20 00:00:00+05:30,973.0,979.5,954.1,959.4,12846
2017-07-21 00:00:00+05:30,965.05,970.0,945.55,954.55,7301
2017-07-24 00:00:00+05:30,954.0,969.15,927.2,934.8,16139
2017-07-25 00:00:00+05:30,940.0,948.75,934.0,941.2,8998
2017-07-26 00:00:00+05:30,940.0,943.0,930.0,933.2,3792
2017-07-27 00:00:00+05:30,928.0,935.4,882.45,889.9,17905
2017-07-28 00:00:00+05:30,871.0,925.0,871.0,913.4,18358
2017-07-31 00:00:00+05:30,912.0,939.95,900.0,909.4,12540
2017-08-01 00:00:00+05:30,920.0,920.0,869.9,876.3,46216
2017-08-02 00:00:00+05:30,871.55,904.0,865.05,875.3,41296
2017-08-03 00:00:00+05:30,875.3,895.0,873.65,888.05,17575
2017-08-04 00:00:00+05:30,899.8,919.75,890.0,911.3,19847
2017-08-07 00:00:00+05:30,915.9,923.0,900.0,918.7,7241
2017-08-08 00:00:00+05:30,903.0,930.0,885.1,890.95,8136
2017-08-09 00:00:00+05:30,913.8,913.8,875.65,904.55,7352
2017-08-10 00:00:00+05:30,896.0,913.7,876.45,881.15,19245
2017-08-11 00:00:00+05:30,880.5,911.0,860.0,898.6,22101
2017-08-14 00:00:00+05:30,890.0,902.0,887.55,897.5,12370
2017-08-16 00:00:00+05:30,881.05,900.95,881.05,894.1,4429
2017-08-17 00:00:00+05:30,876.65,902.35,876.6,886.8,9436
2017-08-18 00:00:00+05:30,878.45,895.0,877.65,892.75,7045
2017-08-21 00:00:00+05:30,890.0,905.0,873.0,892.65,7506
2017-08-22 00:00:00+05:30,894.0,895.0,880.0,882.2,4916
2017-08-23 00:00:00+05:30,888.1,905.0,885.0,900.05,6894
2017-08-24 00:00:00+05:30,901.0,904.45,876.0,884.1,7457
2017-08-28 00:00:00+05:30,876.25,894.95,876.25,883.8,5155
2017-08-29 00:00:00+05:30,892.85,895.15,877.0,885.3,3615
2017-08-30 00:00:00+05:30,895.5,896.0,878.0,884.05,2783
2017-08-31 00:00:00+05:30,881.3,889.9,878.1,884.4,4616
2017-09-01 00:00:00+05:30,890.0,905.0,877.0,890.2,12595
2017-09-04 00:00:00+05:30,899.95,899.95,875.0,891.85,8330
2017-09-05 00:00:00+05:30,900.0,902.0,883.55,898.45,34732
2017-09-06 00:00:00+05:30,897.95,914.0,884.6,899.75,26330
2017-09-07 00:00:00+05:30,917.0,935.7,897.5,903.15,46401
2017-09-08 00:00:00+05:30,903.25,919.0,883.0,885.3,9804
2017-09-11 00:00:00+05:30,875.15,900.0,875.15,894.2,13959
2017-09-12 00:00:00+05:30,903.0,910.05,880.4,899.4,23215
2017-09-13 00:00:00+05:30,896.0,910.0,885.95,891.85,41218
2017-09-14 00:00:00+05:30,899.9,899.9,888.15,894.75,13177
2017-09-15 00:00:00+05:30,891.05,891.7,876.6,884.8,17354
2017-09-18 00:00:00+05:30,892.0,895.15,881.1,887.85,7827
2017-09-19 00:00:00+05:30,893.95,895.0,878.0,883.7,14522
2017-09-20 00:00:00+05:30,884.0,898.8,878.65,882.45,12108
2017-09-21 00:00:00+05:30,893.65,893.7,867.25,880.35,17558
2017-09-22 00:00:00+05:30,873.65,880.35,853.65,872.7,15137
2017-09-25 00:00:00+05:30,878.35,884.0,840.4,880.05,20004
2017-09-26 00:00:00+05:30,870.25,885.0,855.0,865.7,10023
2017-09-27 00:00:00+05:30,865.05,875.0,842.45,852.0,8242
2017-09-28 00:00:00+05:30,864.8,874.95,848.85,852.45,4426
2017-09-29 00:00:00+05:30,862.35,865.0,852.1,860.9,13717
2017-10-03 00:00:00+05:30,871.0,871.0,850.0,855.95,3095
2017-10-04 00:00:00+05:30,862.45,863.0,850.0,857.15,5961
2017-10-05 00:00:00+05:30,858.05,974.0,855.0,921.1,245287
2017-10-06 00:00:00+05:30,916.2,970.0,916.2,940.0,32791
2017-10-09 00:00:00+05:30,941.0,964.9,931.45,947.0,25347
2017-10-10 00:00:00+05:30,950.0,970.95,941.25,964.6,15547
2017-10-11 00:00:00+05:30,956.15,969.6,906.0,920.3,20517
2017-10-12 00:00:00+05:30,920.35,935.0,915.0,920.65,16696
2017-10-13 00:00:00+05:30,920.7,928.95,906.25,914.6,8880
2017-10-16 00:00:00+05:30,921.0,930.0,904.65,919.05,7731
2017-10-17 00:00:00+05:30,919.0,1000.5,912.85,959.35,228110
2017-10-18 00:00:00+05:30,961.9,964.0,932.4,937.35,45867
2017-10-19 00:00:00+05:30,942.0,950.0,938.05,947.1,13103
2017-10-23 00:00:00+05:30,955.0,955.0,899.0,902.4,40328
2017-10-24 00:00:00+05:30,905.0,947.0,905.0,918.75,64542
2017-10-25 00:00:00+05:30,924.0,951.0,905.15,935.55,85234
2017-10-26 00:00:00+05:30,933.95,959.0,915.2,932.4,29091
2017-10-27 00:00:00+05:30,938.9,959.0,914.0,939.85,40302
2017-10-30 00:00:00+05:30,947.75,948.7,924.2,928.8,21513
2017-10-31 00:00:00+05:30,933.95,969.95,917.1,937.55,73609
2017-11-01 00:00:00+05:30,925.05,934.0,912.65,920.45,25400
2017-11-02 00:00:00+05:30,929.4,944.5,913.95,917.7,30614
2017-11-03 00:00:00+05:30,917.7,967.0,917.7,922.0,56129
2017-11-06 00:00:00+05:30,925.0,932.0,906.0,913.6,18122
2017-11-07 00:00:00+05:30,914.05,923.9,893.0,895.3,18212
2017-11-08 00:00:00+05:30,908.7,916.0,873.6,887.6,13895
2017-11-09 00:00:00+05:30,895.6,901.0,862.35,866.3,18481
2017-11-10 00:00:00+05:30,865.0,886.35,856.05,862.15,30800
2017-11-13 00:00:00+05:30,874.6,874.6,843.05,848.0,13140
2017-11-14 00:00:00+05:30,850.05,868.0,831.65,839.95,16692
2017-11-15 00:00:00+05:30,835.4,854.9,831.95,847.0,10127
2017-11-16 00:00:00+05:30,847.35,860.0,826.6,830.85,31593
2017-11-17 00:00:00+05:30,825.5,869.0,825.5,856.1,19281
2017-11-20 00:00:00+05:30,869.45,900.0,863.3,888.35,43739
2017-11-21 00:00:00+05:30,895.9,949.95,871.5,912.95,47556
2017-11-22 00:00:00+05:30,921.65,959.0,898.05,907.05,57911
2017-11-23 00:00:00+05:30,900.05,919.4,900.05,911.5,12264
2017-11-24 00:00:00+05:30,929.9,929.9,908.0,911.2,7061
2017-11-27 00:00:00+05:30,910.0,925.0,901.0,911.3,16494
2017-11-28 00:00:00+05:30,912.35,965.05,911.25,930.55,103575
2017-11-29 00:00:00+05:30,927.6,948.8,915.05,923.45,12199
2017-11-30 00:00:00+05:30,928.95,938.0,914.0,927.6,14076
2017-12-01 00:00:00+05:30,927.55,936.05,901.0,912.55,17140
2017-12-04 00:00:00+05:30,930.0,930.0,890.0,896.35,14339
2017-12-05 00:00:00+05:30,890.1,913.55,883.6,895.5,6385
2017-12-06 00:00:00+05:30,895.2,924.8,895.15,914.15,10630
2017-12-07 00:00:00+05:30,909.15,925.0,906.0,918.5,7077
2017-12-08 00:00:00+05:30,923.15,925.0,908.0,915.35,10926
2017-12-11 00:00:00+05:30,925.0,942.5,909.0,936.2,7016
2017-12-12 00:00:00+05:30,921.0,959.0,918.0,938.6,33981
2017-12-13 00:00:00+05:30,939.0,963.95,916.85,921.55,78672
2017-12-14 00:00:00+05:30,934.9,942.0,915.6,934.15,8834
2017-12-15 00:00:00+05:30,944.9,944.9,915.1,918.55,11076
2017-12-18 00:00:00+05:30,920.0,948.0,910.2,936.5,14141
2017-12-19 00:00:00+05:30,930.05,980.0,930.0,951.4,56268
2017-12-20 00:00:00+05:30,964.0,969.9,932.55,949.65,18365
2017-12-21 00:00:00+05:30,949.0,959.5,940.5,942.95,45317
2017-12-22 00:00:00+05:30,936.0,951.0,936.0,944.6,10829
2017-12-26 00:00:00+05:30,940.0,951.6,932.0,947.2,8181
2017-12-27 00:00:00+05:30,948.05,954.0,922.35,931.8,9045
2017-12-28 00:00:00+05:30,944.6,944.6,925.45,931.55,6388
2017-12-29 00:00:00+05:30,940.85,972.0,935.0,957.7,22846
2018-01-01 00:00:00+05:30,965.0,1065.0,950.05,1005.4,186962
2018-01-02 00:00:00+05:30,1018.65,1025.0,968.8,976.5,46008
2018-01-03 00:00:00+05:30,988.65,995.0,970.7,978.15,13690
2018-01-04 00:00:00+05:30,972.2,998.7,955.5,962.95,27652
2018-01-05 00:00:00+05:30,977.0,991.0,952.2,968.0,20230
2018-01-08 00:00:00+05:30,977.0,1006.95,971.2,980.1,128013
2018-01-09 00:00:00+05:30,981.0,1014.0,975.05,977.6,137700
2018-01-10 00:00:00+05:30,986.5,1004.0,970.05,990.7,63252
2018-01-11 00:00:00+05:30,992.05,1019.9,979.0,983.6,96422
2018-01-12 00:00:00+05:30,983.65,1059.85,980.0,1036.15,236845
2018-01-15 00:00:00+05:30,1050.0,1243.35,1050.0,1243.35,562402
2018-01-16 00:00:00+05:30,1255.0,1263.95,1086.6,1125.9,374202
2018-01-17 00:00:00+05:30,1125.0,1164.9,1071.0,1150.85,151382
2018-01-18 00:00:00+05:30,1155.05,1187.95,1055.0,1075.55,69748
2018-01-19 00:00:00+05:30,1060.0,1108.0,1056.25,1096.05,96772
2018-01-22 00:00:00+05:30,1098.0,1137.7,1079.05,1121.2,33224
2018-01-23 00:00:00+05:30,1130.0,1136.8,1080.05,1091.5,23357
2018-01-24 00:00:00+05:30,1086.0,1089.95,1052.0,1058.95,17938
2018-01-25 00:00:00+05:30,1076.7,1076.7,1035.15,1046.15,26999
2018-01-29 00:00:00+05:30,1044.25,1058.95,1010.15,1024.95,28633
2018-01-30 00:00:00+05:30,1022.05,1040.0,992.0,1011.2,46194
2018-01-31 00:00:00+05:30,1010.95,1040.0,1002.2,1019.9,13291
2018-02-01 00:00:00+05:30,1021.4,1050.0,986.1,1013.6,26640
2018-02-02 00:00:00+05:30,986.7,1000.0,926.8,943.9,38257
2018-02-05 00:00:00+05:30,906.0,1003.85,906.0,991.15,26440
2018-02-06 00:00:00+05:30,929.8,959.0,918.0,942.85,21390
2018-02-07 00:00:00+05:30,950.05,997.2,950.05,967.6,17659
2018-02-08 00:00:00+05:30,967.2,982.0,938.0,949.6,17074
2018-02-09 00:00:00+05:30,944.75,959.0,925.0,937.85,39018
2018-02-12 00:00:00+05:30,938.0,949.05,917.0,929.85,72444
2018-02-14 00:00:00+05:30,945.0,982.0,920.35,938.0,82537
2018-02-15 00:00:00+05:30,941.05,958.5,926.2,944.15,20823
2018-02-16 00:00:00+05:30,942.05,953.8,920.0,929.0,18984
2018-02-19 00:00:00+05:30,934.0,947.7,896.55,938.2,23547
2018-02-20 00:00:00+05:30,949.4,979.9,930.1,942.45,47324
2018-02-21 00:00:00+05:30,955.9,965.55,945.0,958.45,14544
2018-02-22 00:00:00+05:30,961.0,970.0,946.1,965.65,9929
2018-02-23 00:00:00+05:30,965.7,1013.95,951.0,984.3,37687
2018-02-26 00:00:00+05:30,990.0,1114.0,972.1,1092.8,80063
2018-02-27 00:00:00+05:30,1103.95,1133.0,1072.0,1103.75,67291
2018-02-28 00:00:00+05:30,1098.95,1107.9,1055.05,1073.25,33389
2018-03-01 00:00:00+05:30,1105.0,1105.0,1067.0,1079.9,14626
2018-03-05 00:00:00+05:30,1060.0,1089.8,1055.3,1061.7,18450
2018-03-06 00:00:00+05:30,1061.15,1088.05,1004.35,1014.9,25675
2018-03-07 00:00:00+05:30,1030.05,1049.9,978.0,990.9,17519
2018-03-08 00:00:00+05:30,990.9,1005.6,963.55,972.0,22204
2018-03-09 00:00:00+05:30,984.9,996.0,980.0,982.1,16114
2018-03-12 00:00:00+05:30,994.8,1014.95,976.05,1004.15,16471
2018-03-13 00:00:00+05:30,1010.1,1030.0,992.4,1014.65,10577
2018-03-14 00:00:00+05:30,1001.0,1015.0,996.0,1010.5,8787
2018-03-15 00:00:00+05:30,1010.25,1069.0,1000.0,1044.05,29857
2018-03-16 00:00:00+05:30,1031.45,1040.5,990.1,997.05,12875
2018-03-19 00:00:00+05:30,1010.0,1010.0,983.25,998.35,11692
2018-03-20 00:00:00+05:30,998.8,1004.2,987.0,992.9,5476
2018-03-21 00:00:00+05:30,996.05,1034.9,990.0,1026.65,18956
2018-03-22 00:00:00+05:30,1028.0,1049.0,1008.95,1036.95,24351
2018-03-23 00:00:00+05:30,1014.0,1014.0,981.1,1000.25,28894
2018-03-26 00:00:00+05:30,1004.0,1026.0,985.0,1003.5,21141
2018-03-27 00:00:00+05:30,1028.9,1045.0,992.25,1020.95,11446
2018-03-28 00:00:00+05:30,1005.0,1055.0,1001.35,1048.25,19961
2018-04-02 00:00:00+05:30,1050.0,1099.0,1035.0,1062.85,30873
2018-04-03 00:00:00+05:30,1060.0,1073.0,1050.0,1065.6,10513
2018-04-04 00:00:00+05:30,1068.0,1075.15,1031.25,1044.55,8947
2018-04-05 00:00:00+05:30,1056.0,1067.3,1038.0,1043.85,10418
2018-04-06 00:00:00+05:30,1056.0,1060.4,1020.0,1029.45,13938
2018-04-09 00:00:00+05:30,1035.35,1036.0,1021.3,1029.7,16307
2018-04-10 00:00:00+05:30,1044.0,1044.0,997.0,999.95,63739
2018-04-11 00:00:00+05:30,1000.0,1006.0,987.1,990.4,15098
2018-04-12 00:00:00+05:30,1005.0,1005.0,975.0,978.15,16577
2018-04-13 00:00:00+05:30,970.55,991.25,967.2,979.9,32946
2018-04-16 00:00:00+05:30,980.0,985.5,966.6,980.0,37989
2018-04-17 00:00:00+05:30,998.4,1007.9,971.35,988.8,205335
2018-04-18 00:00:00+05:30,997.0,1109.8,981.3,1068.05,187586
2018-04-19 00:00:00+05:30,1085.0,1120.0,1081.0,1093.05,68041
2018-04-20 00:00:00+05:30,1099.0,1233.8,1085.0,1203.15,217942
2018-04-23 00:00:00+05:30,1204.8,1233.0,1162.5,1172.3,112650
2018-04-24 00:00:00+05:30,1170.0,1183.0,1145.55,1154.05,25163
2018-04-25 00:00:00+05:30,1140.05,1174.0,1122.5,1144.2,28154
2018-04-26 00:00:00+05:30,1144.2,1174.0,1133.0,1140.3,17808
2018-04-27 00:00:00+05:30,1146.0,1170.0,1129.85,1139.95,14002
2018-04-30 00:00:00+05:30,1150.9,1222.5,1126.25,1199.8,40800
2018-05-02 00:00:00+05:30,1201.0,1238.9,1150.0,1172.05,70346
2018-05-03 00:00:00+05:30,1157.55,1174.6,1125.9,1143.05,22035
2018-05-04 00:00:00+05:30,1144.35,1192.4,1100.0,1140.6,48318
2018-05-07 00:00:00+05:30,1090.1,1134.45,1072.25,1104.55,77913
2018-05-08 00:00:00+05:30,1104.05,1123.0,1070.0,1105.45,34493
2018-05-09 00:00:00+05:30,1107.0,1131.0,1093.8,1114.25,15785
2018-05-10 00:00:00+05:30,1110.1,1118.95,1088.0,1109.05,11502
2018-05-11 00:00:00+05:30,1113.95,1114.0,1080.0,1093.05,21375
2018-05-14 00:00:00+05:30,1090.0,1096.95,1060.5,1069.95,15678
2018-05-15 00:00:00+05:30,1067.0,1080.05,1038.0,1050.95,15583
2018-05-16 00:00:00+05:30,1049.1,1070.0,1015.05,1056.85,16212
2018-05-17 00:00:00+05:30,1056.15,1071.95,1035.0,1045.3,8859
2018-05-18 00:00:00+05:30,1042.05,1048.1,1011.05,1021.35,13481
2018-05-21 00:00:00+05:30,1022.0,1035.0,978.0,981.9,19545
2018-05-22 00:00:00+05:30,994.95,994.95,964.3,984.65,22731
2018-05-23 00:00:00+05:30,983.6,1008.0,974.45,989.4,8962
2018-05-24 00:00:00+05:30,993.75,993.75,966.0,974.55,14005
2018-05-25 00:00:00+05:30,973.6,993.5,966.25,985.75,17435
2018-05-28 00:00:00+05:30,1009.0,1009.0,971.0,976.9,14387
2018-05-29 00:00:00+05:30,970.0,984.0,962.0,972.75,10699
2018-05-30 00:00:00+05:30,962.0,979.0,962.0,974.6,9970
2018-05-31 00:00:00+05:30,971.05,980.9,958.05,963.95,7604
2018-06-01 00:00:00+05:30,966.5,978.95,888.3,926.8,26585
2018-06-04 00:00:00+05:30,936.8,959.9,900.0,901.65,15279
2018-06-05 00:00:00+05:30,909.8,912.0,838.0,844.85,21064
2018-06-06 00:00:00+05:30,859.55,877.75,842.2,857.5,15603
2018-06-07 00:00:00+05:30,860.15,906.65,839.15,890.3,84354
2018-06-08 00:00:00+05:30,915.0,1004.4,888.0,972.0,112357
2018-06-11 00:00:00+05:30,972.0,1010.9,961.95,994.5,31503
2018-06-12 00:00:00+05:30,998.0,998.0,962.05,972.65,11662
2018-06-13 00:00:00+05:30,976.6,994.7,959.95,964.35,7572
2018-06-14 00:00:00+05:30,966.0,988.0,948.0,968.1,7256
2018-06-15 00:00:00+05:30,967.95,985.0,958.0,979.8,8108
2018-06-18 00:00:00+05:30,983.3,983.3,951.1,958.25,6919
2018-06-19 00:00:00+05:30,958.0,960.0,915.0,918.6,15015
2018-06-20 00:00:00+05:30,921.3,939.0,892.0,930.2,14921
2018-06-21 00:00:00+05:30,932.15,938.0,910.0,918.4,10882
2018-06-22 00:00:00+05:30,908.0,937.0,908.0,924.75,6602
2018-06-25 00:00:00+05:30,924.75,937.15,900.0,906.2,4706
2018-06-26 00:00:00+05:30,913.0,913.0,887.85,892.55,10326
2018-06-27 00:00:00+05:30,893.9,898.95,855.6,864.7,15413
2018-06-28 00:00:00+05:30,858.15,867.0,830.25,832.75,13847
2018-06-29 00:00:00+05:30,860.0,868.05,845.0,855.9,7420
2018-07-02 00:00:00+05:30,860.6,868.5,850.0,857.65,5543
2018-07-03 00:00:00+05:30,855.65,870.55,852.65,867.6,5115
2018-07-04 00:00:00+05:30,870.0,879.25,846.3,856.75,8633
2018-07-05 00:00:00+05:30,855.35,864.85,849.5,851.25,5583
2018-07-06 00:00:00+05:30,850.95,900.0,845.2,869.95,12946
2018-07-09 00:00:00+05:30,898.0,917.65,879.05,896.85,8855
2018-07-10 00:00:00+05:30,899.0,907.45,889.95,894.6,7912
2018-07-11 00:00:00+05:30,894.0,921.0,877.0,882.65,11353
2018-07-12 00:00:00+05:30,897.8,900.0,883.05,892.7,5016
2018-07-13 00:00:00+05:30,909.0,909.0,860.5,867.45,4960
2018-07-16 00:00:00+05:30,880.45,880.45,840.0,847.4,4676
2018-07-17 00:00:00+05:30,846.6,875.75,846.0,866.95,7709
2018-07-18 00:00:00+05:30,860.35,876.7,845.1,847.3,2839
2018-07-19 00:00:00+05:30,850.0,863.8,840.0,843.65,4633
2018-07-20 00:00:00+05:30,841.9,863.9,833.0,848.85,8188
2018-07-23 00:00:00+05:30,864.5,875.0,855.4,865.8,7760
2018-07-24 00:00:00+05:30,870.0,897.8,866.0,892.9,14096
2018-07-25 00:00:00+05:30,901.75,910.0,883.4,898.65,10385
2018-07-26 00:00:00+05:30,901.95,901.95,880.05,888.15,3234
2018-07-27 00:00:00+05:30,896.5,904.0,878.0,899.5,5522
2018-07-30 00:00:00+05:30,906.1,910.0,870.0,882.85,7296
2018-07-31 00:00:00+05:30,874.0,907.5,871.55,882.7,7099
2018-08-01 00:00:00+05:30,883.0,890.35,868.0,873.05,6164
2018-08-02 00:00:00+05:30,868.0,926.9,865.0,917.6,28155
2018-08-03 00:00:00+05:30,918.0,1025.0,896.55,984.85,280425
2018-08-06 00:00:00+05:30,988.95,1074.9,936.25,1037.55,136098
2018-08-07 00:00:00+05:30,1030.0,1034.0,991.0,1013.5,31300
2018-08-08 00:00:00+05:30,1020.0,1083.95,1004.95,1021.4,44660
2018-08-09 00:00:00+05:30,1029.6,1044.0,980.2,990.85,29358
2018-08-10 00:00:00+05:30,994.95,1005.75,982.15,986.1,9530
2018-08-13 00:00:00+05:30,967.0,1018.0,967.0,999.1,9087
2018-08-14 00:00:00+05:30,987.0,1036.0,984.05,1002.2,11866
2018-08-16 00:00:00+05:30,992.7,1027.45,991.95,997.85,7740
2018-08-17 00:00:00+05:30,1000.05,1015.0,986.45,993.7,9408
2018-08-20 00:00:00+05:30,1010.0,1017.0,987.1,992.45,9599
2018-08-21 00:00:00+05:30,995.05,1008.0,978.15,984.9,13538
2018-08-23 00:00:00+05:30,975.15,991.8,956.25,963.25,9490
2018-08-24 00:00:00+05:30,965.0,989.7,954.0,965.85,10950
2018-08-27 00:00:00+05:30,975.45,984.35,953.05,957.05,11033
2018-08-28 00:00:00+05:30,963.0,988.0,951.7,956.9,11886
2018-08-29 00:00:00+05:30,959.15,995.0,954.95,980.05,12091
2018-08-30 00:00:00+05:30,989.5,996.0,976.0,983.15,9417
2018-08-31 00:00:00+05:30,983.6,1036.0,973.25,1013.55,14506
2018-09-03 00:00:00+05:30,1007.65,1038.0,997.55,1003.65,10775
2018-09-04 00:00:00+05:30,1008.0,1008.0,942.5,946.85,19491
2018-09-05 00:00:00+05:30,951.0,957.3,912.25,944.35,15567
2018-09-06 00:00:00+05:30,945.65,966.0,932.55,943.1,5862
2018-09-07 00:00:00+05:30,940.0,995.0,937.0,989.85,16076
2018-09-10 00:00:00+05:30,990.0,1027.8,977.0,981.5,25411
2018-09-11 00:00:00+05:30,985.05,1013.0,975.0,983.55,13369
2018-09-12 00:00:00+05:30,975.25,995.0,950.45,985.6,10419
2018-09-14 00:00:00+05:30,986.6,997.65,958.1,984.0,13100
2018-09-17 00:00:00+05:30,993.75,1007.75,973.0,1004.4,7339
2018-09-18 00:00:00+05:30,1004.3,1005.0,963.9,974.75,7131
2018-09-19 00:00:00+05:30,974.95,978.55,938.95,942.7,11043
2018-09-21 00:00:00+05:30,940.05,969.0,850.0,902.2,18586
2018-09-24 00:00:00+05:30,911.15,940.0,859.5,875.55,11992
2018-09-25 00:00:00+05:30,866.55,884.35,844.65,863.95,14810
2018-09-26 00:00:00+05:30,872.55,875.0,838.05,850.75,15629
2018-09-27 00:00:00+05:30,846.0,850.2,810.15,816.15,15634
2018-09-28 00:00:00+05:30,820.0,833.8,681.85,732.9,37997
2018-10-01 00:00:00+05:30,735.0,740.15,687.0,728.2,23057
2018-10-03 00:00:00+05:30,751.0,764.7,715.1,745.55,12214
2018-10-04 00:00:00+05:30,748.0,754.0,725.0,744.2,7699
2018-10-05 00:00:00+05:30,733.0,741.9,685.0,701.4,18593
2018-10-08 00:00:00+05:30,701.35,721.05,660.0,685.55,23795
2018-10-09 00:00:00+05:30,690.0,705.0,662.0,689.55,8965
2018-10-10 00:00:00+05:30,679.25,732.4,679.25,717.5,15924
2018-10-11 00:00:00+05:30,700.0,715.45,662.3,679.85,17232
2018-10-12 00:00:00+05:30,700.05,723.45,700.05,713.25,10862
2018-10-15 00:00:00+05:30,726.8,728.0,689.95,720.15,5789
2018-10-16 00:00:00+05:30,721.9,758.95,720.2,751.6,10418
2018-10-17 00:00:00+05:30,756.45,765.35,715.0,726.1,5333
2018-10-19 00:00:00+05:30,717.85,727.0,691.0,706.85,9732
2018-10-22 00:00:00+05:30,705.25,711.25,672.2,681.6,5893
2018-10-23 00:00:00+05:30,672.05,696.9,663.4,670.45,5407
2018-10-24 00:00:00+05:30,670.45,696.95,665.0,678.95,4403
2018-10-25 00:00:00+05:30,670.05,675.0,655.0,659.7,2406
2018-10-26 00:00:00+05:30,662.45,696.0,653.7,679.6,6605
2018-10-29 00:00:00+05:30,677.25,697.0,677.05,689.8,3956
2018-10-30 00:00:00+05:30,695.95,738.05,683.45,733.75,12225
2018-10-31 00:00:00+05:30,724.1,754.9,708.0,746.75,4472
2018-11-01 00:00:00+05:30,750.75,858.8,750.75,807.2,136351
2018-11-02 00:00:00+05:30,807.0,835.0,801.5,805.5,22420
2018-11-05 00:00:00+05:30,790.0,790.0,728.7,741.5,29922
2018-11-06 00:00:00+05:30,742.0,754.95,713.95,718.85,9973
2018-11-07 00:00:00+05:30,721.0,749.5,720.0,737.9,8101
2018-11-09 00:00:00+05:30,743.6,745.0,726.45,739.25,6988
2018-11-12 00:00:00+05:30,744.0,744.0,717.5,719.15,4434
2018-11-13 00:00:00+05:30,728.9,730.4,701.1,716.4,6266
2018-11-14 00:00:00+05:30,714.8,731.95,700.0,708.0,6701
2018-11-15 00:00:00+05:30,715.65,715.65,689.7,694.5,7223
2018-11-16 00:00:00+05:30,695.4,714.0,690.1,693.6,7351
2018-11-19 00:00:00+05:30,706.95,706.95,681.0,684.55,7163
2018-11-20 00:00:00+05:30,685.05,690.5,667.05,675.1,4034
2018-11-21 00:00:00+05:30,675.45,693.05,665.2,688.45,6226
2018-11-22 00:00:00+05:30,698.0,704.0,679.95,683.15,3758
2018-11-26 00:00:00+05:30,683.95,694.0,674.0,682.8,4303
2018-11-27 00:00:00+05:30,687.15,696.3,675.0,683.3,3464
2018-11-28 00:00:00+05:30,682.05,704.0,671.0,676.65,5001
2018-11-29 00:00:00+05:30,677.0,687.4,665.4,670.1,4537
2018-11-30 00:00:00+05:30,669.95,676.75,668.0,670.45,3012
2018-12-03 00:00:00+05:30,670.95,677.0,670.0,671.65,1990
2018-12-04 00:00:00+05:30,669.1,672.55,658.0,663.5,14553
2018-12-05 00:00:00+05:30,658.75,669.0,656.9,665.85,3394
2018-12-06 00:00:00+05:30,664.95,665.0,656.0,659.35,3832
2018-12-07 00:00:00+05:30,656.2,658.3,642.0,647.9,9652
2018-12-10 00:00:00+05:30,625.0,640.0,621.0,625.3,4075
2018-12-11 00:00:00+05:30,647.35,650.0,616.75,644.85,6947
2018-12-12 00:00:00+05:30,646.4,679.4,628.2,670.05,21584
2018-12-13 00:00:00+05:30,662.05,699.0,656.6,687.2,13049
2018-12-14 00:00:00+05:30,695.55,709.9,677.9,701.05,7617
2018-12-17 00:00:00+05:30,705.05,798.85,705.05,775.9,209049
2018-12-18 00:00:00+05:30,767.9,785.7,755.6,763.2,36963
2018-12-19 00:00:00+05:30,762.8,784.0,757.4,781.25,22430
2018-12-20 00:00:00+05:30,779.9,794.0,762.55,767.5,8025
2018-12-21 00:00:00+05:30,769.95,778.5,736.15,753.2,11196
2018-12-24 00:00:00+05:30,753.2,768.05,710.0,728.8,11732
2018-12-26 00:00:00+05:30,720.0,744.95,705.6,739.7,6237
2018-12-27 00:00:00+05:30,741.9,754.05,734.55,743.6,3694
2018-12-28 00:00:00+05:30,738.0,772.0,738.0,756.2,8991
2018-12-31 00:00:00+05:30,756.6,768.5,751.0,763.7,7496
2019-01-01 00:00:00+05:30,771.0,771.05,753.95,760.45,3772
2019-01-02 00:00:00+05:30,757.95,766.4,747.0,753.3,5427
2019-01-03 00:00:00+05:30,751.1,759.95,738.25,741.95,1840
2019-01-04 00:00:00+05:30,742.8,743.65,721.3,736.45,5328
2019-01-07 00:00:00+05:30,736.8,743.95,722.1,728.25,2375
2019-01-08 00:00:00+05:30,734.0,745.95,725.15,728.8,2739
2019-01-09 00:00:00+05:30,729.25,745.0,729.0,739.1,4400
2019-01-10 00:00:00+05:30,735.05,749.0,730.05,743.7,3962
2019-01-11 00:00:00+05:30,747.05,748.8,729.3,744.6,2057
2019-01-14 00:00:00+05:30,730.5,737.95,724.05,732.0,3484
2019-01-15 00:00:00+05:30,733.95,743.95,728.1,731.7,1295
2019-01-16 00:00:00+05:30,730.1,739.75,720.2,732.65,5032
2019-01-17 00:00:00+05:30,735.0,737.95,722.1,725.25,1712
2019-01-18 00:00:00+05:30,728.0,728.7,715.6,721.65,3156
2019-01-21 00:00:00+05:30,719.05,721.5,710.2,713.0,958
2019-01-22 00:00:00+05:30,713.0,722.0,688.7,714.75,3366
2019-01-23 00:00:00+05:30,717.2,735.0,699.1,728.3,2454
2019-01-24 00:00:00+05:30,723.8,745.05,709.5,731.8,4832
2019-01-25 00:00:00+05:30,722.05,732.8,716.1,727.75,2650
2019-01-28 00:00:00+05:30,728.6,728.6,681.6,700.85,11605
2019-01-29 00:00:00+05:30,690.5,706.75,677.0,698.6,5249
2019-01-30 00:00:00+05:30,700.0,707.0,688.0,692.15,1837
2019-01-31 00:00:00+05:30,692.3,696.05,675.0,689.75,6771
2019-02-01 00:00:00+05:30,698.95,736.95,690.05,731.35,8668
2019-02-04 00:00:00+05:30,728.0,756.95,719.5,725.0,3830
2019-02-05 00:00:00+05:30,716.85,728.75,690.05,718.35,13798
2019-02-06 00:00:00+05:30,703.6,724.45,691.9,720.05,7727
2019-02-07 00:00:00+05:30,723.95,743.0,709.55,732.25,16715
2019-02-08 00:00:00+05:30,729.9,739.0,711.3,730.35,6093
2019-02-11 00:00:00+05:30,724.4,724.75,699.0,710.3,5978
2019-02-12 00:00:00+05:30,709.95,724.0,700.0,716.6,4331
2019-02-13 00:00:00+05:30,718.1,721.0,701.15,713.6,2418
2019-02-14 00:00:00+05:30,714.05,714.45,696.15,706.85,2826
2019-02-15 00:00:00+05:30,702.2,702.95,682.0,688.5,7110
2019-02-18 00:00:00+05:30,681.25,681.25,648.7,652.9,7325
2019-02-19 00:00:00+05:30,657.0,671.95,656.3,664.0,8901
2019-02-20 00:00:00+05:30,670.6,685.0,655.25,662.35,3931
2019-02-21 00:00:00+05:30,665.9,666.15,654.7,660.6,10026
2019-02-22 00:00:00+05:30,660.85,690.0,660.05,681.3,4738
2019-02-25 00:00:00+05:30,675.3,708.0,675.05,699.3,11093
2019-02-26 00:00:00+05:30,675.5,714.0,675.0,709.5,5398
2019-02-27 00:00:00+05:30,708.95,726.5,693.0,698.3,5122
2019-02-28 00:00:00+05:30,699.95,714.0,690.35,709.0,5867
2019-03-01 00:00:00+05:30,698.0,761.9,698.0,732.35,14699
2019-03-05 00:00:00+05:30,732.35,754.0,720.1,748.0,6582
2019-03-06 00:00:00+05:30,749.95,798.6,748.0,776.95,15678
2019-03-07 00:00:00+05:30,776.95,784.7,760.0,764.15,4890
2019-03-08 00:00:00+05:30,752.05,761.95,748.05,751.3,1343
2019-03-11 00:00:00+05:30,750.0,766.05,731.0,740.5,10204
2019-03-12 00:00:00+05:30,740.5,759.0,726.25,734.1,7423
2019-03-13 00:00:00+05:30,732.6,740.0,721.0,724.65,4402
2019-03-14 00:00:00+05:30,731.9,731.9,711.65,722.25,5700
2019-03-15 00:00:00+05:30,731.95,731.95,665.0,684.95,32204
2019-03-18 00:00:00+05:30,694.95,698.0,685.85,688.95,13153
2019-03-19 00:00:00+05:30,689.05,714.0,687.25,706.3,15427
2019-03-20 00:00:00+05:30,703.0,717.3,691.3,700.2,11151
2019-03-22 00:00:00+05:30,696.0,710.0,693.0,698.45,5225
2019-03-25 00:00:00+05:30,682.0,694.0,680.1,681.45,6835
2019-03-26 00:00:00+05:30,688.1,688.6,665.1,670.85,7769
2019-03-27 00:00:00+05:30,677.55,684.0,661.65,676.0,12435
2019-03-28 00:00:00+05:30,676.05,712.85,672.35,701.75,15876
2019-03-29 00:00:00+05:30,694.95,723.0,692.15,718.1,10536
2019-04-01 00:00:00+05:30,723.65,727.0,703.0,713.6,13568
2019-04-02 00:00:00+05:30,720.7,720.7,695.0,700.65,3815
2019-04-03 00:00:00+05:30,707.7,714.35,678.0,684.65,9350
2019-04-04 00:00:00+05:30,691.4,691.4,673.25,681.95,10941
2019-04-05 00:00:00+05:30,683.9,714.0,683.9,711.05,26423
2019-04-08 00:00:00+05:30,711.05,731.15,697.05,719.8,10674
2019-04-09 00:00:00+05:30,719.85,719.85,696.5,701.5,7816
2019-04-10 00:00:00+05:30,701.65,710.75,700.85,703.95,3594
2019-04-11 00:00:00+05:30,706.8,706.8,692.3,694.6,4305
2019-04-12 00:00:00+05:30,685.75,708.4,685.75,697.3,3257
2019-04-15 00:00:00+05:30,701.9,701.95,687.0,688.55,5366
2019-04-16 00:00:00+05:30,689.1,693.95,681.45,684.9,5854
2019-04-18 00:00:00+05:30,685.85,686.3,675.0,677.25,5852
2019-04-22 00:00:00+05:30,677.8,677.8,668.95,670.4,5868
2019-04-23 00:00:00+05:30,676.7,681.05,671.95,679.75,2133
2019-04-24 00:00:00+05:30,680.05,685.75,663.55,670.8,5766
2019-04-25 00:00:00+05:30,675.4,677.0,667.35,672.7,1819
2019-04-26 00:00:00+05:30,670.05,680.35,666.35,670.3,4712
2019-04-30 00:00:00+05:30,663.0,673.9,648.0,652.15,8040
2019-05-02 00:00:00+05:30,655.05,659.55,645.05,650.2,5350
2019-05-03 00:00:00+05:30,645.5,657.0,642.0,645.8,4047
2019-05-06 00:00:00+05:30,648.0,669.4,645.45,663.85,5238
2019-05-07 00:00:00+05:30,663.85,675.0,615.0,622.8,29881
2019-05-08 00:00:00+05:30,623.0,623.0,600.0,603.6,9999
2019-05-09 00:00:00+05:30,609.6,609.6,600.05,601.2,3153
2019-05-10 00:00:00+05:30,596.0,605.0,591.0,598.05,4258
2019-05-13 00:00:00+05:30,587.0,594.8,550.0,557.7,14323
2019-05-14 00:00:00+05:30,547.1,580.0,523.0,567.1,16455
2019-05-15 00:00:00+05:30,569.85,582.0,552.25,560.0,2104
2019-05-16 00:00:00+05:30,550.2,585.8,550.0,574.8,5117
2019-05-17 00:00:00+05:30,563.5,612.75,561.65,605.35,6422
2019-05-20 00:00:00+05:30,628.9,628.9,606.0,615.85,4600
2019-05-21 00:00:00+05:30,616.0,634.05,591.2,600.15,4743
2019-05-22 00:00:00+05:30,600.2,605.1,593.2,598.4,4039
2019-05-23 00:00:00+05:30,606.8,615.35,583.9,593.0,4637
2019-05-24 00:00:00+05:30,591.55,625.0,591.55,619.0,13003
2019-05-27 00:00:00+05:30,621.0,642.7,602.75,632.65,8790
2019-05-28 00:00:00+05:30,632.65,632.65,619.0,622.75,2929
2019-05-29 00:00:00+05:30,623.6,642.0,617.0,627.6,4161
2019-05-30 00:00:00+05:30,629.8,640.0,617.0,625.45,2269
2019-05-31 00:00:00+05:30,627.6,636.5,603.6,623.15,5045
2019-06-03 00:00:00+05:30,611.0,619.6,607.05,609.75,2703
2019-06-04 00:00:00+05:30,605.55,614.95,594.0,599.1,4325
2019-06-06 00:00:00+05:30,600.15,604.75,578.0,585.0,5371
2019-06-07 00:00:00+05:30,582.25,606.0,571.05,603.55,11385
2019-06-10 00:00:00+05:30,605.1,613.0,602.8,609.3,1787
2019-06-11 00:00:00+05:30,606.75,611.25,592.0,593.1,3656
2019-06-12 00:00:00+05:30,593.05,600.0,588.95,597.5,1818
2019-06-13 00:00:00+05:30,596.1,598.25,589.05,592.0,2515
2019-06-14 00:00:00+05:30,598.95,599.0,586.6,591.25,2657
2019-06-17 00:00:00+05:30,589.7,589.7,565.0,567.6,6459
2019-06-18 00:00:00+05:30,573.1,575.0,541.25,550.2,4744
2019-06-19 00:00:00+05:30,551.15,555.0,503.65,510.75,7344
2019-06-20 00:00:00+05:30,510.75,538.0,475.0,522.45,14488
2019-06-21 00:00:00+05:30,512.05,531.75,504.05,522.55,3968
2019-06-24 00:00:00+05:30,524.3,546.0,518.0,520.7,6454
2019-06-25 00:00:00+05:30,518.1,564.8,517.0,542.05,14341
2019-06-26 00:00:00+05:30,539.05,561.0,539.0,552.1,7362
2019-06-27 00:00:00+05:30,552.1,574.4,550.05,567.0,6953
2019-06-28 00:00:00+05:30,564.1,570.0,539.0,543.25,5235
2019-07-01 00:00:00+05:30,540.0,583.8,540.0,565.2,18129
2019-07-02 00:00:00+05:30,566.0,577.05,561.65,575.25,9570
2019-07-03 00:00:00+05:30,566.55,579.95,566.0,570.45,15017
2019-07-04 00:00:00+05:30,574.9,574.95,562.0,566.3,1667
2019-07-05 00:00:00+05:30,565.6,565.65,525.0,531.05,7084
2019-07-08 00:00:00+05:30,521.1,529.9,508.0,514.45,3186
2019-07-09 00:00:00+05:30,525.0,525.0,506.15,513.95,5845
2019-07-10 00:00:00+05:30,515.25,529.0,500.0,521.35,51672
2019-07-11 00:00:00+05:30,527.0,545.0,510.5,515.2,7831
2019-07-12 00:00:00+05:30,521.9,530.0,502.0,515.05,13241
2019-07-15 00:00:00+05:30,510.05,521.45,510.0,514.95,4752
2019-07-16 00:00:00+05:30,518.6,523.0,513.0,514.2,3627
2019-07-17 00:00:00+05:30,514.3,517.7,507.0,508.35,1080
2019-07-18 00:00:00+05:30,509.5,510.0,492.0,495.9,3599
2019-07-19 00:00:00+05:30,495.0,495.0,455.0,464.85,10440
2019-07-22 00:00:00+05:30,460.0,463.0,436.25,442.7,16974
2019-07-23 00:00:00+05:30,451.6,477.7,444.95,469.95,7824
2019-07-24 00:00:00+05:30,470.3,484.8,431.0,439.0,11348
2019-07-25 00:00:00+05:30,440.0,462.7,436.05,452.15,6149
2019-07-26 00:00:00+05:30,451.95,468.0,440.05,447.7,3665
2019-07-29 00:00:00+05:30,445.8,450.0,420.0,432.0,13614
2019-07-30 00:00:00+05:30,427.95,434.9,401.1,411.05,8391
2019-07-31 00:00:00+05:30,409.85,409.85,390.0,400.05,19153
2019-08-01 00:00:00+05:30,400.05,409.7,377.05,392.6,10939
2019-08-02 00:00:00+05:30,396.9,405.95,378.0,395.25,16696
2019-08-05 00:00:00+05:30,385.6,385.6,347.1,349.55,47061
2019-08-06 00:00:00+05:30,344.95,351.75,300.2,323.8,126734
2019-08-07 00:00:00+05:30,323.8,337.4,310.25,313.5,31268
2019-08-08 00:00:00+05:30,314.0,323.95,312.8,321.75,12005
2019-08-09 00:00:00+05:30,324.95,369.3,322.2,365.8,56152
2019-08-13 00:00:00+05:30,359.95,374.8,353.5,358.05,9290
2019-08-14 00:00:00+05:30,353.75,373.7,351.5,360.0,6407
2019-08-16 00:00:00+05:30,368.0,369.55,344.1,353.4,14662
2019-08-19 00:00:00+05:30,350.7,372.5,350.7,362.1,40900
2019-08-20 00:00:00+05:30,369.95,369.95,350.55,356.0,7336
2019-08-21 00:00:00+05:30,351.0,360.25,330.25,337.85,18937
2019-08-22 00:00:00+05:30,335.3,352.9,316.0,321.9,7931
2019-08-23 00:00:00+05:30,315.0,327.05,302.0,319.95,20889
2019-08-26 00:00:00+05:30,319.95,343.6,319.95,339.8,11472
2019-08-27 00:00:00+05:30,340.9,357.7,332.6,351.85,16096
2019-08-28 00:00:00+05:30,357.95,357.95,346.45,350.05,5779
2019-08-29 00:00:00+05:30,354.65,364.95,332.1,350.1,12346
2019-08-30 00:00:00+05:30,360.0,380.0,352.55,365.0,31055
2019-09-03 00:00:00+05:30,355.7,362.0,354.0,356.55,7103
2019-09-04 00:00:00+05:30,355.05,357.1,344.0,349.05,1856
2019-09-05 00:00:00+05:30,354.85,369.3,342.2,349.15,8227
2019-09-06 00:00:00+05:30,350.6,359.9,348.0,354.9,5939
2019-09-09 00:00:00+05:30,350.1,362.9,335.6,356.05,8590
2019-09-11 00:00:00+05:30,361.95,388.0,352.95,385.25,24069
2019-09-12 00:00:00+05:30,388.95,412.2,382.85,396.15,94796
2019-09-13 00:00:00+05:30,393.75,401.45,387.05,396.2,11625
2019-09-16 00:00:00+05:30,395.0,403.85,387.15,393.15,10014
2019-09-17 00:00:00+05:30,394.25,409.85,375.0,381.2,28708
2019-09-18 00:00:00+05:30,387.0,387.0,373.0,375.05,7201
2019-09-19 00:00:00+05:30,377.2,380.0,356.0,366.6,7918
2019-09-20 00:00:00+05:30,365.9,393.05,362.95,370.5,17650
2019-09-23 00:00:00+05:30,372.15,389.5,370.25,378.75,18918
2019-09-24 00:00:00+05:30,379.05,384.7,367.15,380.05,11655
2019-09-25 00:00:00+05:30,376.2,383.5,367.0,376.8,13789
2019-09-26 00:00:00+05:30,379.5,394.4,373.25,382.75,17371
2019-09-27 00:00:00+05:30,386.85,392.75,380.0,389.05,9855
2019-09-30 00:00:00+05:30,390.15,402.7,382.15,398.9,9296
2019-10-01 00:00:00+05:30,399.0,400.3,370.5,378.35,8315
2019-10-03 00:00:00+05:30,380.1,386.75,370.1,374.35,3221
2019-10-04 00:00:00+05:30,378.6,378.6,366.1,367.4,5368
2019-10-07 00:00:00+05:30,369.75,385.6,349.1,352.8,13306
2019-10-09 00:00:00+05:30,355.85,355.9,335.55,347.05,22470
2019-10-10 00:00:00+05:30,350.0,362.0,338.1,342.7,27165
2019-10-11 00:00:00+05:30,344.4,401.95,344.0,390.65,55554
2019-10-14 00:00:00+05:30,390.0,424.9,380.0,399.0,51544
2019-10-15 00:00:00+05:30,395.15,397.0,376.0,378.55,8622
2019-10-16 00:00:00+05:30,378.0,383.1,362.25,369.9,9187
2019-10-17 00:00:00+05:30,370.75,381.6,356.0,374.8,17030
2019-10-18 00:00:00+05:30,375.6,412.0,374.45,401.15,24270
2019-10-22 00:00:00+05:30,400.75,420.45,400.75,409.95,19226
2019-10-23 00:00:00+05:30,409.45,430.15,401.45,416.85,14757
2019-10-24 00:00:00+05:30,423.6,425.25,385.8,395.1,13844
2019-10-25 00:00:00+05:30,393.0,393.0,368.0,374.6,11991
2019-10-27 00:00:00+05:30,375.0,395.0,375.0,390.45,4009
2019-10-29 00:00:00+05:30,388.95,392.5,378.0,388.35,10737
2019-10-30 00:00:00+05:30,384.0,396.05,381.95,391.25,7668
2019-10-31 00:00:00+05:30,396.1,419.95,391.15,415.8,12475
2019-11-01 00:00:00+05:30,415.05,423.0,401.8,408.55,7100
2019-11-04 00:00:00+05:30,412.5,412.5,395.0,403.05,9864
2019-11-05 00:00:00+05:30,404.0,413.65,396.05,409.7,6028
2019-11-06 00:00:00+05:30,414.9,414.9,397.45,406.65,5212
2019-11-07 00:00:00+05:30,401.65,428.8,401.65,412.3,19534
2019-11-08 00:00:00+05:30,417.05,423.0,401.0,404.6,8656
2019-11-11 00:00:00+05:30,399.0,411.3,399.0,400.55,3764
2019-11-13 00:00:00+05:30,402.35,407.5,376.25,385.2,8156
2019-11-14 00:00:00+05:30,396.0,396.0,378.1,380.3,6009
2019-11-15 00:00:00+05:30,391.0,391.0,366.35,370.45,7691
2019-11-18 00:00:00+05:30,371.0,378.95,370.55,373.75,3276
2019-11-19 00:00:00+05:30,373.75,380.5,368.0,370.5,3286
2019-11-20 00:00:00+05:30,370.95,375.05,360.1,363.6,10203
2019-11-21 00:00:00+05:30,363.95,367.9,351.2,354.15,9080
2019-11-22 00:00:00+05:30,355.0,369.0,349.65,362.7,6550
2019-11-25 00:00:00+05:30,362.7,365.95,355.0,359.5,5909
2019-11-26 00:00:00+05:30,361.95,367.0,343.05,345.05,11744
2019-11-27 00:00:00+05:30,346.4,349.5,343.4,344.95,5181
2019-11-28 00:00:00+05:30,348.95,353.45,336.2,340.15,6813
2019-11-29 00:00:00+05:30,341.05,357.0,341.0,351.35,8350
2019-12-02 00:00:00+05:30,357.0,357.0,341.55,345.5,6422
2019-12-03 00:00:00+05:30,344.95,349.0,337.3,345.1,5894
2019-12-04 00:00:00+05:30,338.15,348.0,336.4,344.25,3032
2019-12-05 00:00:00+05:30,351.45,352.0,338.0,341.0,5849
2019-12-06 00:00:00+05:30,342.85,346.5,330.0,334.4,6432
2019-12-09 00:00:00+05:30,324.0,331.7,324.0,328.5,4475
2019-12-10 00:00:00+05:30,325.05,325.3,314.8,321.1,7744
2019-12-11 00:00:00+05:30,323.45,324.8,306.6,310.2,5104
2019-12-12 00:00:00+05:30,310.45,330.0,306.0,322.45,11085
2019-12-13 00:00:00+05:30,325.85,338.0,322.6,335.5,6146
2019-12-16 00:00:00+05:30,341.9,345.0,327.95,333.45,5200
2019-12-17 00:00:00+05:30,335.9,335.9,323.1,325.1,4397
2019-12-18 00:00:00+05:30,328.3,335.0,323.15,325.25,4316
2019-12-19 00:00:00+05:30,327.9,344.0,324.15,326.9,9486
2019-12-20 00:00:00+05:30,328.15,331.8,321.45,322.45,3481
2019-12-23 00:00:00+05:30,326.85,341.0,322.0,326.3,3745
2019-12-24 00:00:00+05:30,326.75,327.05,323.0,324.0,2466
2019-12-26 00:00:00+05:30,324.0,365.6,322.25,335.95,22651
2019-12-27 00:00:00+05:30,335.35,353.3,333.0,351.75,13227
2019-12-30 00:00:00+05:30,350.0,363.0,342.0,357.65,6109
2019-12-31 00:00:00+05:30,353.35,371.95,343.05,363.2,13353
2020-01-01 00:00:00+05:30,370.85,391.1,359.05,372.75,9694
2020-01-02 00:00:00+05:30,375.05,378.0,361.55,373.25,6580
2020-01-03 00:00:00+05:30,375.05,375.05,361.1,367.7,5938
2020-01-06 00:00:00+05:30,357.05,365.9,347.6,356.4,4768
2020-01-07 00:00:00+05:30,357.0,364.0,346.0,349.15,4436
2020-01-08 00:00:00+05:30,345.0,360.0,344.95,355.45,6885
2020-01-09 00:00:00+05:30,359.3,368.7,351.05,355.0,10713
2020-01-10 00:00:00+05:30,353.0,360.0,352.0,355.3,8308
2020-01-13 00:00:00+05:30,359.9,360.95,356.2,359.85,5455
2020-01-14 00:00:00+05:30,359.9,431.8,353.6,399.75,311096
2020-01-15 00:00:00+05:30,393.0,412.95,385.25,389.05,71188
2020-01-16 00:00:00+05:30,391.0,414.65,382.0,402.75,56763
2020-01-17 00:00:00+05:30,409.0,418.95,391.25,396.8,39262
2020-01-20 00:00:00+05:30,402.7,407.95,385.95,392.0,16162
2020-01-21 00:00:00+05:30,393.0,433.8,386.4,429.5,147716
2020-01-22 00:00:00+05:30,433.95,448.2,427.55,430.25,68628
2020-01-23 00:00:00+05:30,434.85,434.9,413.0,418.85,24066
2020-01-24 00:00:00+05:30,415.05,417.55,401.5,404.7,15325
2020-01-27 00:00:00+05:30,408.9,417.0,403.0,412.95,14649
2020-01-28 00:00:00+05:30,415.05,428.0,405.0,406.5,17465
2020-01-29 00:00:00+05:30,408.15,423.9,391.5,398.7,16192
2020-01-30 00:00:00+05:30,392.0,394.0,368.2,370.7,26473
2020-01-31 00:00:00+05:30,378.85,378.85,344.05,352.2,27032
2020-02-01 00:00:00+05:30,352.2,360.0,326.0,331.7,24326
2020-02-03 00:00:00+05:30,324.0,342.85,324.0,336.7,10200
2020-02-04 00:00:00+05:30,340.95,345.0,335.0,338.5,9386
2020-02-05 00:00:00+05:30,339.5,347.7,327.5,336.25,11904
2020-02-06 00:00:00+05:30,340.0,340.0,325.45,328.65,14572
2020-02-07 00:00:00+05:30,328.65,332.0,325.0,326.8,7611
2020-02-10 00:00:00+05:30,329.45,339.0,316.55,320.7,13994
2020-02-11 00:00:00+05:30,325.0,329.95,321.1,323.75,7206
2020-02-12 00:00:00+05:30,325.0,325.7,312.2,315.35,10406
2020-02-13 00:00:00+05:30,315.75,320.8,304.5,315.65,15581
2020-02-14 00:00:00+05:30,313.05,313.35,302.0,305.3,27618
2020-02-17 00:00:00+05:30,305.35,311.0,297.3,298.35,9823
2020-02-18 00:00:00+05:30,306.95,307.0,290.0,301.85,11200
2020-02-19 00:00:00+05:30,303.7,323.8,296.15,311.55,32592
2020-02-20 00:00:00+05:30,312.2,318.0,303.3,308.55,9129
2020-02-24 00:00:00+05:30,311.0,311.0,296.2,302.7,7448
2020-02-25 00:00:00+05:30,296.0,310.35,296.0,301.2,6852
2020-02-26 00:00:00+05:30,299.2,305.0,287.05,299.15,12441
2020-02-27 00:00:00+05:30,298.9,302.0,287.0,289.5,20301
2020-02-28 00:00:00+05:30,285.0,286.3,270.05,278.9,12791
2020-03-02 00:00:00+05:30,280.4,293.7,265.75,277.45,13279
2020-03-03 00:00:00+05:30,277.25,282.75,257.1,262.05,65122
2020-03-04 00:00:00+05:30,257.05,264.2,253.05,255.95,12284
2020-03-05 00:00:00+05:30,259.6,260.0,243.3,247.0,10774
2020-03-06 00:00:00+05:30,243.0,243.0,224.5,232.5,49755
2020-03-09 00:00:00+05:30,232.5,232.5,203.05,209.0,34652
2020-03-11 00:00:00+05:30,216.0,222.55,204.7,208.7,23567
2020-03-12 00:00:00+05:30,199.7,199.7,167.1,175.55,44962
2020-03-13 00:00:00+05:30,160.1,169.95,158.0,164.05,36209
2020-03-16 00:00:00+05:30,162.0,162.0,147.65,147.7,53259
2020-03-17 00:00:00+05:30,145.0,147.8,132.95,132.95,21869
2020-03-18 00:00:00+05:30,136.8,136.8,119.7,120.15,25282
2020-03-19 00:00:00+05:30,119.7,119.95,114.15,115.9,37052
2020-03-20 00:00:00+05:30,119.0,121.65,110.15,114.9,54619
2020-03-23 00:00:00+05:30,109.2,111.0,109.2,109.2,3660
2020-03-24 00:00:00+05:30,114.65,114.65,103.75,103.75,4444
2020-03-25 00:00:00+05:30,100.0,100.0,98.6,98.6,9147
2020-03-26 00:00:00+05:30,98.05,103.5,93.7,101.0,32136
2020-03-27 00:00:00+05:30,103.8,106.05,95.95,105.8,115747
2020-03-30 00:00:00+05:30,111.05,111.05,111.05,111.05,27343
2020-03-31 00:00:00+05:30,116.6,116.6,116.6,116.6,7491
2020-04-01 00:00:00+05:30,122.4,122.4,121.0,122.4,46648
2020-04-03 00:00:00+05:30,128.5,128.5,120.4,128.5,40384
2020-04-07 00:00:00+05:30,133.85,134.9,131.05,134.9,28902
2020-04-08 00:00:00+05:30,141.0,141.6,140.9,141.6,2543
2020-04-09 00:00:00+05:30,148.65,148.65,141.6,146.45,31006
2020-04-13 00:00:00+05:30,147.5,153.75,139.15,151.2,37420
2020-04-15 00:00:00+05:30,155.0,158.0,145.0,150.95,14965
2020-04-16 00:00:00+05:30,150.95,158.0,143.45,156.85,19225
2020-04-17 00:00:00+05:30,161.95,164.65,157.85,164.3,23582
2020-04-20 00:00:00+05:30,172.5,172.5,172.5,172.5,7179
2020-04-21 00:00:00+05:30,181.1,181.1,166.0,172.5,55192
2020-04-22 00:00:00+05:30,173.0,174.0,165.0,166.25,15601
2020-04-23 00:00:00+05:30,167.0,174.0,163.0,171.0,12098
2020-04-24 00:00:00+05:30,174.0,174.0,162.45,162.45,14308
2020-04-27 00:00:00+05:30,154.35,154.35,154.35,154.35,3837
2020-04-28 00:00:00+05:30,146.65,153.9,146.65,146.65,22255
2020-04-29 00:00:00+05:30,141.05,153.0,139.35,151.25,29696
2020-04-30 00:00:00+05:30,152.05,157.0,147.0,149.9,15047
2020-05-04 00:00:00+05:30,145.0,147.0,142.45,145.65,10333
2020-05-05 00:00:00+05:30,151.95,151.95,139.0,140.1,18993
2020-05-06 00:00:00+05:30,134.35,141.8,133.1,133.1,14832
2020-05-07 00:00:00+05:30,137.0,137.0,129.0,131.2,5554
2020-05-08 00:00:00+05:30,135.45,135.45,125.0,130.8,12090
2020-05-11 00:00:00+05:30,131.7,134.4,130.0,133.7,8807
2020-05-12 00:00:00+05:30,133.0,133.9,130.0,132.9,4780
2020-05-13 00:00:00+05:30,138.8,139.5,134.5,139.45,10375
2020-05-14 00:00:00+05:30,140.0,145.95,133.3,134.1,10604
2020-05-15 00:00:00+05:30,134.1,136.35,131.55,134.1,2692
2020-05-18 00:00:00+05:30,134.1,137.95,128.0,129.2,8010
2020-05-19 00:00:00+05:30,132.0,135.6,129.1,135.45,8639
2020-05-20 00:00:00+05:30,139.0,139.0,130.05,133.0,5691
2020-05-21 00:00:00+05:30,133.2,139.65,133.0,137.55,23194
2020-05-22 00:00:00+05:30,138.0,144.4,130.75,131.85,16747
2020-05-26 00:00:00+05:30,138.4,138.4,138.4,138.4,5916
2020-05-27 00:00:00+05:30,145.3,145.3,145.3,145.3,6584
2020-05-28 00:00:00+05:30,152.55,152.55,152.55,152.55,5197
2020-05-29 00:00:00+05:30,160.15,160.15,160.15,160.15,4719
2020-06-01 00:00:00+05:30,168.15,168.15,168.15,168.15,21563
2020-06-02 00:00:00+05:30,176.55,176.55,176.55,176.55,4304
2020-06-03 00:00:00+05:30,185.35,185.35,185.35,185.35,9063
2020-06-04 00:00:00+05:30,194.6,194.6,194.6,194.6,2067
2020-06-05 00:00:00+05:30,204.3,204.3,204.3,204.3,2400
2020-06-08 00:00:00+05:30,214.5,214.5,195.1,214.5,310460
2020-06-09 00:00:00+05:30,225.2,225.2,215.0,225.2,86453
2020-06-10 00:00:00+05:30,236.45,236.45,236.45,236.45,9519
2020-06-11 00:00:00+05:30,248.25,248.25,248.25,248.25,8149
2020-06-12 00:00:00+05:30,260.65,260.65,235.85,260.65,172521
2020-06-15 00:00:00+05:30,273.65,273.65,273.65,273.65,7897
2020-06-16 00:00:00+05:30,287.3,287.3,287.3,287.3,3082
2020-06-17 00:00:00+05:30,300.0,301.65,272.95,274.4,460384
2020-06-18 00:00:00+05:30,260.7,260.7,260.7,260.7,9314
2020-06-19 00:00:00+05:30,247.7,273.7,247.7,273.7,46611
2020-06-22 00:00:00+05:30,286.0,286.0,260.05,263.95,81297
2020-06-23 00:00:00+05:30,264.0,264.0,250.8,250.8,40033
2020-06-24 00:00:00+05:30,246.0,262.9,238.3,247.85,48079
2020-06-25 00:00:00+05:30,247.85,247.85,235.5,240.8,31483
2020-06-26 00:00:00+05:30,244.9,248.9,230.0,234.4,19648
2020-06-29 00:00:00+05:30,233.0,233.0,222.7,222.95,31443
2020-06-30 00:00:00+05:30,211.85,234.05,211.85,234.05,37188
2020-07-01 00:00:00+05:30,242.0,242.0,227.55,231.25,27128
2020-07-02 00:00:00+05:30,225.05,234.0,225.05,228.5,12890
2020-07-03 00:00:00+05:30,228.5,231.95,221.0,223.25,16233
2020-07-06 00:00:00+05:30,220.25,223.2,212.4,214.9,22260
2020-07-07 00:00:00+05:30,218.0,224.95,206.0,222.35,20311
2020-07-08 00:00:00+05:30,225.0,230.95,222.0,223.1,13155
2020-07-09 00:00:00+05:30,223.6,223.65,216.0,217.5,7431
2020-07-10 00:00:00+05:30,227.0,227.0,212.0,215.65,14006
2020-07-13 00:00:00+05:30,215.95,220.95,207.5,209.95,15167
2020-07-14 00:00:00+05:30,212.8,212.8,201.1,204.8,9372
2020-07-15 00:00:00+05:30,204.8,210.0,197.5,203.35,16738
2020-07-16 00:00:00+05:30,205.0,205.0,195.05,200.3,9699
2020-07-17 00:00:00+05:30,205.95,206.0,197.25,203.5,7643
2020-07-20 00:00:00+05:30,209.7,211.0,205.0,209.5,7716
2020-07-21 00:00:00+05:30,214.0,217.9,210.0,213.9,9664
2020-07-22 00:00:00+05:30,214.5,214.5,207.0,208.5,5555
2020-07-23 00:00:00+05:30,208.5,209.75,200.1,203.15,8361
2020-07-24 00:00:00+05:30,209.35,209.35,201.1,203.45,6344
2020-07-27 00:00:00+05:30,201.0,206.95,197.3,198.3,6723
2020-07-28 00:00:00+05:30,201.0,205.0,196.0,201.2,8924
2020-07-29 00:00:00+05:30,200.05,202.0,192.1,197.5,9439
2020-07-30 00:00:00+05:30,197.5,203.3,197.5,198.0,5516
2020-07-31 00:00:00+05:30,201.95,207.9,193.2,205.35,14772
2020-08-03 00:00:00+05:30,209.6,212.0,202.55,207.35,5990
2020-08-04 00:00:00+05:30,211.75,211.75,205.0,208.0,8659
2020-08-05 00:00:00+05:30,210.55,212.0,205.0,209.3,10326
2020-08-06 00:00:00+05:30,211.95,211.95,203.0,205.65,4642
2020-08-07 00:00:00+05:30,202.15,212.0,202.1,207.0,8062
2020-08-10 00:00:00+05:30,210.9,217.35,208.3,217.35,27035
2020-08-11 00:00:00+05:30,225.0,228.2,217.1,226.65,29124
2020-08-12 00:00:00+05:30,229.95,230.0,217.55,225.55,10359
2020-08-13 00:00:00+05:30,226.1,236.8,218.25,236.8,23183
2020-08-14 00:00:00+05:30,248.6,248.6,231.0,236.85,59837
2020-08-17 00:00:00+05:30,237.0,237.0,225.05,225.45,18962
2020-08-18 00:00:00+05:30,225.95,233.0,215.25,220.55,27642
2020-08-19 00:00:00+05:30,225.5,228.0,215.4,223.6,20498
2020-08-20 00:00:00+05:30,222.0,224.05,218.0,221.95,20134
2020-08-21 00:00:00+05:30,221.95,233.0,220.1,233.0,68567
2020-08-24 00:00:00+05:30,235.0,244.65,232.8,244.65,72952
2020-08-25 00:00:00+05:30,252.5,252.8,234.25,243.65,88035
2020-08-26 00:00:00+05:30,243.5,246.45,235.1,240.1,23744
2020-08-27 00:00:00+05:30,236.15,247.0,236.15,241.05,16511
2020-08-28 00:00:00+05:30,246.9,246.9,231.25,235.25,18106
2020-08-31 00:00:00+05:30,235.25,241.0,223.5,224.0,23995
2020-09-01 00:00:00+05:30,216.15,223.95,216.1,218.8,6707
2020-09-02 00:00:00+05:30,224.95,224.95,216.25,219.45,7442
2020-09-03 00:00:00+05:30,218.55,230.4,216.5,223.5,20930
2020-09-04 00:00:00+05:30,218.1,227.0,213.0,221.3,19997
2020-09-07 00:00:00+05:30,220.0,224.0,215.4,221.45,4345
2020-09-08 00:00:00+05:30,217.1,227.9,217.1,222.3,12270
2020-09-09 00:00:00+05:30,222.3,222.3,212.0,218.85,15132
2020-09-10 00:00:00+05:30,228.4,229.5,214.55,226.75,20656
2020-09-11 00:00:00+05:30,225.05,228.85,220.05,226.3,9216
2020-09-14 00:00:00+05:30,230.95,231.85,221.75,224.85,15911
2020-09-15 00:00:00+05:30,229.7,231.7,225.0,230.1,10184
2020-09-16 00:00:00+05:30,233.0,233.0,228.0,229.65,11156
2020-09-17 00:00:00+05:30,228.5,229.75,219.0,225.95,12677
2020-09-18 00:00:00+05:30,225.0,231.0,217.25,229.1,14276
2020-09-21 00:00:00+05:30,226.0,229.9,220.0,220.05,10808
2020-09-22 00:00:00+05:30,219.55,224.0,209.25,213.9,17218
2020-09-23 00:00:00+05:30,220.95,220.95,207.0,210.1,22201
2020-09-24 00:00:00+05:30,207.1,209.3,199.6,206.05,10732
2020-09-25 00:00:00+05:30,206.0,213.15,198.0,210.4,16844
2020-09-28 00:00:00+05:30,211.0,218.0,206.0,211.45,12076
2020-09-29 00:00:00+05:30,211.45,219.95,211.45,214.2,9207
2020-09-30 00:00:00+05:30,214.25,221.85,207.1,218.4,12779
2020-10-01 00:00:00+05:30,217.55,221.95,208.15,212.6,11276
2020-10-05 00:00:00+05:30,212.25,223.2,211.1,223.2,15895
2020-10-06 00:00:00+05:30,230.85,234.35,221.7,233.85,70434
2020-10-07 00:00:00+05:30,234.0,234.9,222.75,224.5,28687
2020-10-08 00:00:00+05:30,228.95,229.75,214.85,216.95,11048
2020-10-09 00:00:00+05:30,222.85,223.85,213.15,214.6,17853
2020-10-12 00:00:00+05:30,215.45,221.0,214.05,215.2,7986
2020-10-13 00:00:00+05:30,216.9,220.0,213.15,214.3,10103
2020-10-14 00:00:00+05:30,214.05,220.5,213.0,215.5,12794
2020-10-15 00:00:00+05:30,217.5,218.8,214.05,214.35,6863
2020-10-16 00:00:00+05:30,214.0,218.05,213.65,216.35,4490
2020-10-19 00:00:00+05:30,214.15,219.0,214.15,217.3,6145
2020-10-20 00:00:00+05:30,215.8,219.2,214.55,218.5,4705
2020-10-21 00:00:00+05:30,216.6,218.0,212.55,215.45,13553
2020-10-22 00:00:00+05:30,214.15,217.8,214.0,216.35,4715
2020-10-23 00:00:00+05:30,219.0,223.15,216.1,216.9,8630
2020-10-26 00:00:00+05:30,221.95,224.35,213.05,215.35,10868
2020-10-27 00:00:00+05:30,218.95,220.65,212.5,214.4,8316
2020-10-28 00:00:00+05:30,214.4,214.45,206.95,209.25,9697
2020-10-29 00:00:00+05:30,217.75,217.75,206.5,208.65,3939
2020-10-30 00:00:00+05:30,226.2,226.2,210.95,213.05,11658
2020-11-02 00:00:00+05:30,211.25,212.0,204.7,208.15,6164
2020-11-03 00:00:00+05:30,208.5,213.05,208.5,209.75,3872
2020-11-04 00:00:00+05:30,209.25,212.55,206.85,209.55,6191
2020-11-05 00:00:00+05:30,208.9,213.9,208.65,211.15,3395
2020-11-06 00:00:00+05:30,209.3,214.8,209.3,211.45,6284
2020-11-09 00:00:00+05:30,215.05,221.0,208.6,218.7,31638
2020-11-10 00:00:00+05:30,218.7,221.8,212.55,215.75,8448
2020-11-11 00:00:00+05:30,213.5,237.3,213.1,228.3,78759
2020-11-12 00:00:00+05:30,219.0,251.1,216.05,251.1,139653
2020-11-13 00:00:00+05:30,266.45,266.45,250.05,253.4,78778
2020-11-17 00:00:00+05:30,253.05,257.8,242.05,252.0,25703
2020-11-18 00:00:00+05:30,245.1,254.95,245.1,251.35,23753
2020-11-19 00:00:00+05:30,249.05,264.0,245.75,253.65,41351
2020-11-20 00:00:00+05:30,257.75,259.05,247.7,250.95,17144
2020-11-23 00:00:00+05:30,246.5,264.0,246.5,255.9,36203
2020-11-24 00:00:00+05:30,253.55,263.5,253.55,258.9,18026
2020-11-25 00:00:00+05:30,260.55,263.15,250.0,250.6,14946
2020-11-26 00:00:00+05:30,252.0,255.6,250.0,251.45,12495
2020-11-27 00:00:00+05:30,251.5,262.8,251.1,256.4,8608
2020-12-01 00:00:00+05:30,257.0,262.8,255.0,261.5,31000
2020-12-02 00:00:00+05:30,262.0,262.8,250.45,256.4,16230
2020-12-03 00:00:00+05:30,260.0,278.9,253.1,267.25,51054
2020-12-04 00:00:00+05:30,284.0,293.95,276.1,293.95,130147
2020-12-07 00:00:00+05:30,307.0,324.4,295.0,315.55,152460
2020-12-08 00:00:00+05:30,320.5,322.0,288.0,299.95,60164
2020-12-09 00:00:00+05:30,297.0,311.8,297.0,300.65,42015
2020-12-10 00:00:00+05:30,304.9,307.75,279.55,290.9,29941
2020-12-11 00:00:00+05:30,298.9,298.9,280.1,286.6,24734
2020-12-14 00:00:00+05:30,287.0,294.6,282.0,288.8,13308
2020-12-15 00:00:00+05:30,290.95,293.75,277.0,290.9,20377
2020-12-16 00:00:00+05:30,292.0,297.95,285.15,289.45,7929
2020-12-17 00:00:00+05:30,292.95,293.9,281.0,284.0,7235
2020-12-18 00:00:00+05:30,282.9,289.05,273.05,275.85,19907
2020-12-21 00:00:00+05:30,273.4,275.0,250.0,254.25,20382
2020-12-22 00:00:00+05:30,255.0,260.1,237.95,252.75,26394
2020-12-23 00:00:00+05:30,267.0,274.0,254.2,268.3,16522
2020-12-24 00:00:00+05:30,270.0,279.0,265.0,269.7,18646
2020-12-28 00:00:00+05:30,269.7,288.6,266.3,276.65,51401
2020-12-29 00:00:00+05:30,277.1,282.2,266.15,274.5,31991
2020-12-30 00:00:00+05:30,276.8,276.8,269.0,271.65,19226
2020-12-31 00:00:00+05:30,270.0,280.0,267.15,275.0,48978
2021-01-01 00:00:00+05:30,275.0,280.05,269.5,275.9,26954
2021-01-04 00:00:00+05:30,276.05,279.1,269.0,270.7,41391
2021-01-05 00:00:00+05:30,274.7,274.7,267.3,270.55,22609
2021-01-06 00:00:00+05:30,271.1,274.0,267.05,270.4,33168
2021-01-07 00:00:00+05:30,272.0,273.0,267.65,270.35,27960
2021-01-08 00:00:00+05:30,266.0,324.4,266.0,306.95,303777
2021-01-11 00:00:00+05:30,313.0,320.0,293.65,301.45,126252
2021-01-12 00:00:00+05:30,303.8,311.35,294.0,304.85,49901
2021-01-13 00:00:00+05:30,311.0,348.75,302.3,346.0,420074
2021-01-14 00:00:00+05:30,348.0,379.0,343.2,365.4,256676
2021-01-15 00:00:00+05:30,367.0,367.0,335.0,342.5,102025
2021-01-18 00:00:00+05:30,340.3,341.85,322.0,328.0,45042
2021-01-19 00:00:00+05:30,327.0,335.0,322.0,328.95,31299
2021-01-20 00:00:00+05:30,323.0,335.5,323.0,327.15,23363
2021-01-21 00:00:00+05:30,327.55,330.0,320.1,323.15,26713
2021-01-22 00:00:00+05:30,325.0,328.0,310.1,314.95,15929
2021-01-25 00:00:00+05:30,315.45,323.35,299.15,303.4,21141
2021-01-27 00:00:00+05:30,307.95,330.0,295.0,320.0,61856
2021-01-28 00:00:00+05:30,319.6,319.6,310.0,313.55,14713
2021-01-29 00:00:00+05:30,316.05,328.0,310.0,320.25,47749
2021-02-01 00:00:00+05:30,321.0,336.0,312.25,331.6,51303
2021-02-02 00:00:00+05:30,328.0,340.0,327.95,336.65,32549
2021-02-03 00:00:00+05:30,339.0,348.0,329.5,340.4,46064
2021-02-04 00:00:00+05:30,340.75,343.0,329.25,336.0,41801
2021-02-05 00:00:00+05:30,336.0,341.0,325.95,339.5,31367
2021-02-08 00:00:00+05:30,339.9,353.0,328.35,346.05,49729
2021-02-09 00:00:00+05:30,344.65,359.75,340.0,340.5,34961
2021-02-10 00:00:00+05:30,335.0,348.55,331.0,340.7,34214
2021-02-11 00:00:00+05:30,332.05,343.35,332.05,338.35,23463
2021-02-12 00:00:00+05:30,341.5,341.5,336.25,337.8,7589
2021-02-15 00:00:00+05:30,338.5,341.75,326.75,327.85,17211
2021-02-16 00:00:00+05:30,328.0,337.75,323.6,331.7,20684
2021-02-17 00:00:00+05:30,331.4,334.55,326.95,330.0,16667
2021-02-18 00:00:00+05:30,334.0,335.95,325.1,325.15,15480
2021-02-19 00:00:00+05:30,326.35,332.7,315.75,322.0,15223
2021-02-22 00:00:00+05:30,328.95,328.95,302.05,307.65,25471
2021-02-23 00:00:00+05:30,310.0,321.0,307.05,309.05,18691
2021-02-24 00:00:00+05:30,304.0,319.95,304.0,311.25,19774
2021-02-25 00:00:00+05:30,311.25,319.85,308.0,311.0,35018
2021-02-26 00:00:00+05:30,309.25,313.0,299.3,303.5,32799
2021-03-01 00:00:00+05:30,304.0,314.55,301.55,310.7,40678
2021-03-02 00:00:00+05:30,310.0,314.0,305.6,309.4,31413
2021-03-03 00:00:00+05:30,309.4,352.05,309.4,336.3,145862
2021-03-04 00:00:00+05:30,335.8,335.8,327.05,332.55,39996
2021-03-05 00:00:00+05:30,332.9,353.9,326.05,329.65,83358
2021-03-08 00:00:00+05:30,331.8,336.25,325.1,326.95,32559
2021-03-09 00:00:00+05:30,329.55,332.95,318.0,323.4,16729
2021-03-10 00:00:00+05:30,325.3,328.0,318.05,320.0,24673
2021-03-12 00:00:00+05:30,312.0,325.0,312.0,318.45,37455
2021-03-15 00:00:00+05:30,321.55,321.55,305.95,307.15,30300
2021-03-16 00:00:00+05:30,309.65,311.0,305.7,309.35,10000
2021-03-17 00:00:00+05:30,310.0,310.0,296.1,300.7,13720
2021-03-18 00:00:00+05:30,301.05,305.6,280.0,290.05,19479
2021-03-19 00:00:00+05:30,283.0,294.95,273.0,283.2,33059
2021-03-22 00:00:00+05:30,294.45,294.45,281.15,285.45,11744
2021-03-23 00:00:00+05:30,286.7,290.0,277.95,283.25,22088
2021-03-24 00:00:00+05:30,277.25,287.9,277.25,281.2,17747
2021-03-25 00:00:00+05:30,280.1,291.95,263.9,287.2,45345
2021-03-26 00:00:00+05:30,284.75,287.8,272.1,275.55,16970
2021-03-30 00:00:00+05:30,274.1,293.15,274.1,291.65,27278
2021-03-31 00:00:00+05:30,291.3,298.45,284.85,293.45,16916
2021-04-01 00:00:00+05:30,299.1,301.2,284.5,286.0,32160
2021-04-05 00:00:00+05:30,288.95,288.95,268.1,280.2,34095
2021-04-06 00:00:00+05:30,284.9,285.05,278.05,281.15,12614
2021-04-07 00:00:00+05:30,280.15,284.1,274.45,279.3,12983
2021-04-08 00:00:00+05:30,280.8,284.0,279.3,280.85,12592
2021-04-09 00:00:00+05:30,277.95,283.85,274.4,278.85,83819
2021-04-12 00:00:00+05:30,276.5,276.5,260.15,263.85,19689
2021-04-13 00:00:00+05:30,261.0,273.35,257.45,265.65,16825
2021-04-15 00:00:00+05:30,265.0,269.9,259.0,260.5,14236
2021-04-16 00:00:00+05:30,259.45,261.55,250.0,255.05,13727
2021-04-19 00:00:00+05:30,253.85,254.95,236.35,239.45,23774
2021-04-20 00:00:00+05:30,234.35,249.0,232.95,235.45,30242
2021-04-22 00:00:00+05:30,236.45,282.5,235.5,282.5,121223
2021-04-23 00:00:00+05:30,287.8,304.0,275.6,280.65,197679
2021-04-26 00:00:00+05:30,284.8,296.0,280.2,287.9,39909
2021-04-27 00:00:00+05:30,294.8,295.85,285.0,287.65,18005
2021-04-28 00:00:00+05:30,293.95,293.95,284.1,286.1,18596
2021-04-29 00:00:00+05:30,286.0,290.6,277.2,278.95,16147
2021-04-30 00:00:00+05:30,269.3,282.0,266.3,268.15,12887
2021-05-03 00:00:00+05:30,268.0,273.05,264.45,270.2,13905
2021-05-04 00:00:00+05:30,277.7,284.0,265.15,266.6,35169
2021-05-05 00:00:00+05:30,273.5,277.45,265.0,266.25,12288
2021-05-06 00:00:00+05:30,269.5,272.35,263.15,264.5,13690
2021-05-07 00:00:00+05:30,270.85,271.9,263.7,264.85,14028
2021-05-10 00:00:00+05:30,269.6,269.6,264.7,265.9,15625
2021-05-11 00:00:00+05:30,263.05,276.15,260.6,272.7,31550
2021-05-12 00:00:00+05:30,272.65,272.7,264.0,265.2,16673
2021-05-14 00:00:00+05:30,267.9,272.7,262.65,269.1,22604
2021-05-17 00:00:00+05:30,284.0,293.8,280.45,282.75,102588
2021-05-18 00:00:00+05:30,288.0,289.9,276.35,279.1,27083
2021-05-19 00:00:00+05:30,277.0,284.0,272.3,280.0,26585
2021-05-20 00:00:00+05:30,276.1,289.0,275.35,277.8,51199
2021-05-21 00:00:00+05:30,274.85,288.9,274.85,280.8,34045
2021-05-24 00:00:00+05:30,288.8,288.8,281.95,283.7,28150
2021-05-25 00:00:00+05:30,283.0,292.6,280.6,289.3,55695
2021-05-26 00:00:00+05:30,291.5,304.0,290.0,294.1,69881
2021-05-27 00:00:00+05:30,294.0,324.5,288.35,315.55,187700
2021-05-28 00:00:00+05:30,316.1,331.05,306.75,312.95,111317
2021-05-31 00:00:00+05:30,311.25,314.45,304.85,305.3,31631
2021-06-01 00:00:00+05:30,306.5,310.95,295.15,296.25,23222
2021-06-02 00:00:00+05:30,300.0,309.75,298.4,301.2,33622
2021-06-03 00:00:00+05:30,304.95,327.4,301.2,314.85,75236
2021-06-04 00:00:00+05:30,315.25,372.0,314.8,356.85,475288
2021-06-07 00:00:00+05:30,360.65,391.0,350.85,377.9,355058
2021-06-08 00:00:00+05:30,380.0,381.55,363.35,366.8,82512
2021-06-09 00:00:00+05:30,366.5,368.6,336.8,339.65,112249
2021-06-10 00:00:00+05:30,340.8,361.0,340.8,352.7,77667
2021-06-11 00:00:00+05:30,353.0,368.0,346.55,356.25,75037
2021-06-14 00:00:00+05:30,354.8,358.25,340.0,344.05,36155
2021-06-15 00:00:00+05:30,344.3,354.6,340.05,342.0,27194
2021-06-17 00:00:00+05:30,333.0,342.5,325.5,328.25,29703
2021-06-18 00:00:00+05:30,333.0,335.3,315.1,324.8,32242
2021-06-21 00:00:00+05:30,323.5,340.6,318.5,338.4,29954
2021-06-22 00:00:00+05:30,348.0,350.15,337.9,341.4,22900
2021-06-23 00:00:00+05:30,342.05,344.95,325.7,332.35,17643
2021-06-24 00:00:00+05:30,333.0,338.6,327.05,327.85,9803
2021-06-25 00:00:00+05:30,325.0,331.85,324.6,326.7,10023
2021-06-28 00:00:00+05:30,326.0,330.05,320.0,322.75,15862
2021-06-29 00:00:00+05:30,323.0,325.75,319.25,321.85,12891
2021-06-30 00:00:00+05:30,321.0,348.7,318.55,335.05,98931
2021-07-01 00:00:00+05:30,343.0,347.15,331.0,336.75,21119
2021-07-02 00:00:00+05:30,334.05,344.25,331.0,332.3,15689
2021-07-05 00:00:00+05:30,334.2,339.35,330.05,331.5,15396
2021-07-06 00:00:00+05:30,335.6,366.9,331.2,342.85,133879
2021-07-07 00:00:00+05:30,348.0,411.4,341.6,404.2,734916
2021-07-08 00:00:00+05:30,411.0,433.55,398.0,412.25,554437
2021-07-09 00:00:00+05:30,407.9,422.5,406.2,409.8,161805
2021-07-12 00:00:00+05:30,412.6,452.0,412.6,439.75,394093
2021-07-13 00:00:00+05:30,444.6,464.0,440.2,448.9,177734
2021-07-14 00:00:00+05:30,448.0,538.65,447.95,536.4,646820
2021-07-15 00:00:00+05:30,530.0,548.3,487.15,492.4,293295
2021-07-16 00:00:00+05:30,494.7,522.85,492.45,510.25,151084
2021-07-19 00:00:00+05:30,506.0,515.65,495.4,497.5,54019
2021-07-20 00:00:00+05:30,499.9,518.0,479.8,481.45,81041
2021-07-22 00:00:00+05:30,487.85,522.0,487.8,512.65,154672
2021-07-23 00:00:00+05:30,516.95,516.95,496.0,499.5,48465
2021-07-26 00:00:00+05:30,501.55,519.0,500.45,503.95,40400
2021-07-27 00:00:00+05:30,505.0,508.9,488.05,499.55,41691
2021-07-28 00:00:00+05:30,503.8,503.8,481.3,484.6,66172
2021-07-29 00:00:00+05:30,488.55,502.9,488.55,491.8,41385
2021-07-30 00:00:00+05:30,492.0,499.7,487.0,493.95,27517
2021-08-02 00:00:00+05:30,497.4,518.0,494.7,499.5,58808
2021-08-03 00:00:00+05:30,502.6,504.6,480.45,490.25,67673
2021-08-04 00:00:00+05:30,489.0,500.0,470.05,481.95,92052
2021-08-05 00:00:00+05:30,489.9,489.9,465.9,475.55,26763
2021-08-06 00:00:00+05:30,485.5,494.75,475.4,480.55,24142
2021-08-09 00:00:00+05:30,479.65,486.95,468.1,473.6,23419
2021-08-10 00:00:00+05:30,475.0,483.55,435.05,447.15,25870
2021-08-11 00:00:00+05:30,450.0,461.5,420.0,439.85,37957
2021-08-12 00:00:00+05:30,439.85,464.9,439.85,457.1,24370
2021-08-13 00:00:00+05:30,465.0,466.35,450.05,456.15,12846
2021-08-16 00:00:00+05:30,450.35,455.15,446.0,447.5,10996
2021-08-17 00:00:00+05:30,448.0,455.1,442.95,446.75,12737
2021-08-18 00:00:00+05:30,454.95,454.95,436.0,447.8,11802
2021-08-20 00:00:00+05:30,445.0,447.0,428.0,430.65,12913
2021-08-23 00:00:00+05:30,432.0,439.9,395.0,407.15,27520
2021-08-24 00:00:00+05:30,401.5,428.75,401.5,417.8,16210
2021-08-25 00:00:00+05:30,415.1,426.6,412.0,417.8,9131
2021-08-26 00:00:00+05:30,410.15,459.55,410.15,421.45,39002
2021-08-27 00:00:00+05:30,413.0,440.7,413.0,432.25,39822
2021-08-30 00:00:00+05:30,446.8,446.8,421.65,431.1,11796
2021-08-31 00:00:00+05:30,416.05,433.1,416.05,429.95,31216
2021-09-01 00:00:00+05:30,421.4,436.4,421.25,426.95,18342
2021-09-02 00:00:00+05:30,425.0,469.6,425.0,448.55,195768
2021-09-03 00:00:00+05:30,451.6,472.6,437.5,462.05,61355
2021-09-06 00:00:00+05:30,462.05,475.0,454.0,456.5,31002
2021-09-07 00:00:00+05:30,464.7,464.7,433.0,435.2,33524
2021-09-08 00:00:00+05:30,436.0,455.3,418.35,443.6,49760
2021-09-09 00:00:00+05:30,445.0,454.9,436.95,449.65,24586
2021-09-13 00:00:00+05:30,449.0,477.0,437.3,463.55,130130
2021-09-14 00:00:00+05:30,465.45,479.45,457.05,468.4,71206
2021-09-15 00:00:00+05:30,482.5,493.75,465.1,469.1,92132
2021-09-16 00:00:00+05:30,473.0,474.95,459.55,463.3,32465
2021-09-17 00:00:00+05:30,468.0,473.8,441.25,447.25,41059
2021-09-20 00:00:00+05:30,449.0,451.05,428.9,432.1,27441
2021-09-21 00:00:00+05:30,421.0,433.95,412.05,422.6,52279
2021-09-22 00:00:00+05:30,429.0,441.55,428.1,432.7,17505
2021-09-23 00:00:00+05:30,433.0,449.0,430.35,434.9,27495
2021-09-24 00:00:00+05:30,438.45,439.4,427.0,434.5,16961
2021-09-27 00:00:00+05:30,439.0,440.0,428.05,431.95,17613
2021-09-28 00:00:00+05:30,432.55,440.0,426.0,428.5,24017
2021-09-29 00:00:00+05:30,431.4,440.0,420.35,428.95,17118
2021-09-30 00:00:00+05:30,429.15,461.0,429.15,457.55,53185
2021-10-01 00:00:00+05:30,450.25,470.0,447.3,464.2,44693
2021-10-04 00:00:00+05:30,467.9,476.0,454.0,474.0,49214
2021-10-05 00:00:00+05:30,468.0,484.0,462.35,481.85,97849
2021-10-06 00:00:00+05:30,482.0,498.0,480.05,490.8,88597
2021-10-07 00:00:00+05:30,498.0,504.0,487.15,492.45,55462
2021-10-08 00:00:00+05:30,496.75,519.45,484.15,501.45,113041
2021-10-11 00:00:00+05:30,508.75,518.65,486.0,488.3,62938
2021-10-12 00:00:00+05:30,488.3,515.0,477.35,507.55,65932
2021-10-13 00:00:00+05:30,516.0,564.7,514.55,525.35,248064
2021-10-14 00:00:00+05:30,538.0,556.85,531.15,550.15,108050
2021-10-18 00:00:00+05:30,563.0,575.2,535.4,558.0,73843
2021-10-19 00:00:00+05:30,565.1,567.7,509.0,520.0,62176
2021-10-20 00:00:00+05:30,508.5,527.7,488.75,499.95,47460
2021-10-21 00:00:00+05:30,509.8,509.95,490.0,492.55,12014
2021-10-22 00:00:00+05:30,497.0,522.1,484.3,504.6,55485
2021-10-25 00:00:00+05:30,507.0,513.35,467.3,486.85,49341
2021-10-26 00:00:00+05:30,476.0,514.7,476.0,506.25,31430
2021-10-27 00:00:00+05:30,500.35,528.7,490.0,505.05,38108
2021-10-28 00:00:00+05:30,508.55,518.35,490.0,491.05,20121
2021-10-29 00:00:00+05:30,491.0,510.05,481.65,501.05,28853
2021-11-01 00:00:00+05:30,495.35,515.05,492.05,495.3,18674
2021-11-02 00:00:00+05:30,505.3,512.4,492.85,493.75,10874
2021-11-03 00:00:00+05:30,502.0,502.0,481.0,492.9,18073
2021-11-04 00:00:00+05:30,499.95,504.75,493.1,499.05,7810
2021-11-08 00:00:00+05:30,495.1,505.85,495.0,498.25,10136
2021-11-09 00:00:00+05:30,493.1,522.5,493.0,506.0,25604
2021-11-10 00:00:00+05:30,496.3,530.35,496.3,511.75,45426
2021-11-11 00:00:00+05:30,519.8,519.8,495.15,496.9,11151
2021-11-12 00:00:00+05:30,507.7,509.85,490.05,493.2,11468
2021-11-15 00:00:00+05:30,493.0,500.0,481.05,486.0,16630
2021-11-16 00:00:00+05:30,489.95,496.95,471.0,478.65,23845
2021-11-17 00:00:00+05:30,477.0,497.0,466.35,492.65,52526
2021-11-18 00:00:00+05:30,492.65,512.0,483.85,486.2,29113
2021-11-22 00:00:00+05:30,491.55,491.55,454.3,461.85,29026
2021-11-23 00:00:00+05:30,460.0,481.4,456.45,475.55,9317
2021-11-24 00:00:00+05:30,480.3,484.0,468.15,470.7,7972
2021-11-25 00:00:00+05:30,474.7,475.0,461.5,464.65,12834
2021-11-26 00:00:00+05:30,460.0,488.2,452.6,473.7,27105
2021-11-29 00:00:00+05:30,460.0,468.55,446.05,448.2,21134
2021-11-30 00:00:00+05:30,460.0,464.6,444.6,452.7,22773
2021-12-01 00:00:00+05:30,458.5,462.95,445.25,451.7,6341
2021-12-02 00:00:00+05:30,447.0,458.0,444.9,449.5,9651
2021-12-03 00:00:00+05:30,453.0,458.1,446.3,449.0,7985
2021-12-06 00:00:00+05:30,442.0,454.3,438.05,447.55,16008
2021-12-07 00:00:00+05:30,455.0,460.45,447.5,453.3,7635
2021-12-08 00:00:00+05:30,455.55,464.95,450.6,455.85,14652
2021-12-09 00:00:00+05:30,459.45,486.25,455.0,473.5,24713
2021-12-10 00:00:00+05:30,473.5,483.7,464.7,466.65,11036
2021-12-13 00:00:00+05:30,474.45,476.25,455.0,456.7,15928
2021-12-14 00:00:00+05:30,466.5,466.5,453.25,455.05,8982
2021-12-15 00:00:00+05:30,455.0,458.55,448.55,452.9,6117
2021-12-16 00:00:00+05:30,455.45,463.0,443.0,446.6,13925
2021-12-17 00:00:00+05:30,446.6,446.6,431.2,433.5,6967
2021-12-20 00:00:00+05:30,433.5,433.5,412.5,414.25,8775
2021-12-21 00:00:00+05:30,411.3,426.4,403.4,408.3,11655
2021-12-22 00:00:00+05:30,411.05,422.0,406.15,411.3,17757
2021-12-23 00:00:00+05:30,414.8,433.15,413.2,431.2,11495
2021-12-24 00:00:00+05:30,425.15,432.25,415.25,416.75,5275
2021-12-27 00:00:00+05:30,409.0,419.1,409.0,416.5,4987
2021-12-28 00:00:00+05:30,411.15,431.9,411.15,420.95,10770
2021-12-29 00:00:00+05:30,424.0,427.95,417.5,418.15,3103
2021-12-30 00:00:00+05:30,417.35,417.45,410.05,411.65,6650
2021-12-31 00:00:00+05:30,415.45,431.7,415.45,426.65,13987
2022-01-03 00:00:00+05:30,435.0,435.0,421.1,427.5,8608
2022-01-04 00:00:00+05:30,430.55,441.6,421.0,431.35,21520
2022-01-05 00:00:00+05:30,430.0,441.5,422.85,433.95,17052
2022-01-06 00:00:00+05:30,433.95,511.8,421.0,488.55,372032
2022-01-07 00:00:00+05:30,499.5,509.0,478.0,480.0,88454
2022-01-10 00:00:00+05:30,482.9,498.0,465.6,470.95,49088
2022-01-11 00:00:00+05:30,476.15,495.0,470.0,474.0,49383
2022-01-12 00:00:00+05:30,463.5,480.15,463.5,469.55,19778
2022-01-13 00:00:00+05:30,474.9,476.05,461.2,464.4,19689
2022-01-14 00:00:00+05:30,474.85,474.9,460.1,462.6,8485
2022-01-17 00:00:00+05:30,472.05,472.05,455.65,458.1,13710
2022-01-18 00:00:00+05:30,464.15,465.0,451.0,453.4,15583
2022-01-19 00:00:00+05:30,450.35,474.0,450.3,470.25,28647
2022-01-20 00:00:00+05:30,471.0,479.7,462.95,466.05,21557
2022-01-21 00:00:00+05:30,479.0,479.0,455.0,459.2,9828
2022-01-24 00:00:00+05:30,469.95,469.95,430.0,439.65,19831
2022-01-25 00:00:00+05:30,420.0,447.75,420.0,444.9,22516
2022-01-27 00:00:00+05:30,435.3,447.5,419.55,430.85,11677
2022-01-28 00:00:00+05:30,442.0,445.0,432.0,433.8,7843
2022-01-31 00:00:00+05:30,450.0,451.25,424.05,429.6,28337
2022-02-01 00:00:00+05:30,439.0,443.0,426.05,431.45,10602
2022-02-02 00:00:00+05:30,437.35,445.95,435.85,438.8,17446
2022-02-03 00:00:00+05:30,443.6,443.9,430.05,439.05,10509
2022-02-04 00:00:00+05:30,435.0,446.9,430.0,442.0,11625
2022-02-07 00:00:00+05:30,449.0,450.0,430.3,432.4,10100
2022-02-08 00:00:00+05:30,435.25,436.5,420.1,423.6,8331
2022-02-09 00:00:00+05:30,429.85,435.25,420.3,422.4,7947
2022-02-10 00:00:00+05:30,430.85,437.5,420.05,430.95,18238
2022-02-11 00:00:00+05:30,423.6,425.35,408.0,412.8,11559
2022-02-14 00:00:00+05:30,405.1,425.0,388.0,409.85,48307
2022-02-15 00:00:00+05:30,424.95,424.95,391.3,401.25,15148
2022-02-16 00:00:00+05:30,406.65,412.8,398.5,404.05,14763
2022-02-17 00:00:00+05:30,405.85,420.05,403.0,404.2,17167
2022-02-18 00:00:00+05:30,408.6,412.0,397.85,399.9,12427
2022-02-21 00:00:00+05:30,399.9,401.3,375.1,377.75,22807
2022-02-22 00:00:00+05:30,370.1,389.0,362.25,379.0,11132
2022-02-23 00:00:00+05:30,389.0,391.9,381.95,387.05,8408
2022-02-24 00:00:00+05:30,380.1,380.1,344.8,348.95,18013
2022-02-25 00:00:00+05:30,364.85,372.1,355.1,360.05,23710
2022-02-28 00:00:00+05:30,365.35,368.95,346.55,357.0,22517
2022-03-02 00:00:00+05:30,354.0,377.9,340.6,356.9,16853
2022-03-03 00:00:00+05:30,368.9,368.9,356.0,356.85,8251
2022-03-04 00:00:00+05:30,365.0,365.0,339.95,345.45,20468
2022-03-07 00:00:00+05:30,335.1,345.95,335.1,340.2,9732
2022-03-08 00:00:00+05:30,340.0,357.0,339.6,353.0,9300
2022-03-09 00:00:00+05:30,354.85,358.95,349.1,353.85,16642
2022-03-10 00:00:00+05:30,364.2,369.0,356.0,358.65,8471
2022-03-11 00:00:00+05:30,364.5,367.4,352.8,360.2,14832
2022-03-14 00:00:00+05:30,350.1,369.45,350.05,361.85,17070
2022-03-15 00:00:00+05:30,364.0,366.0,352.0,353.6,14884
2022-03-16 00:00:00+05:30,359.5,359.95,352.0,354.65,17658
2022-03-17 00:00:00+05:30,366.9,366.9,349.0,350.7,25508
2022-03-21 00:00:00+05:30,350.0,368.8,346.0,361.3,30232
2022-03-22 00:00:00+05:30,368.8,368.8,352.0,355.9,17663
2022-03-23 00:00:00+05:30,355.0,363.0,348.0,350.75,18729
2022-03-24 00:00:00+05:30,344.5,358.0,344.5,348.95,14117
2022-03-25 00:00:00+05:30,349.0,356.5,345.0,349.15,29506
2022-03-28 00:00:00+05:30,346.1,350.8,331.55,334.2,24439
2022-03-29 00:00:00+05:30,339.5,345.85,316.5,323.45,56840
2022-03-30 00:00:00+05:30,329.7,374.7,325.1,345.65,114678
2022-03-31 00:00:00+05:30,350.85,355.05,340.0,350.3,32666
2022-04-01 00:00:00+05:30,355.0,369.0,354.3,360.3,17396
2022-04-04 00:00:00+05:30,357.1,366.75,357.1,361.2,16266
2022-04-05 00:00:00+05:30,369.4,416.95,360.0,399.6,188456
2022-04-06 00:00:00+05:30,395.0,407.95,390.0,398.55,30896
2022-04-07 00:00:00+05:30,393.0,402.75,386.1,388.3,13550
2022-04-08 00:00:00+05:30,393.55,395.95,383.0,388.05,14202
2022-04-11 00:00:00+05:30,392.5,392.5,382.65,384.25,8783
2022-04-12 00:00:00+05:30,381.0,387.1,364.8,368.85,16842
2022-04-13 00:00:00+05:30,369.8,398.0,369.8,392.7,32778
2022-04-18 00:00:00+05:30,382.5,406.75,375.1,397.25,20454
2022-04-19 00:00:00+05:30,403.7,404.95,369.0,378.35,16028
2022-04-20 00:00:00+05:30,378.3,389.55,375.0,378.2,5880
2022-04-21 00:00:00+05:30,376.8,418.5,376.75,393.3,101170
2022-04-22 00:00:00+05:30,393.9,409.6,389.7,400.05,27184
2022-04-25 00:00:00+05:30,402.0,424.0,391.35,398.2,86286
2022-04-26 00:00:00+05:30,404.2,406.75,397.55,403.75,14377
2022-04-27 00:00:00+05:30,403.85,406.75,385.7,389.9,17284
2022-04-28 00:00:00+05:30,394.0,394.0,374.6,377.75,17272
2022-04-29 00:00:00+05:30,380.1,399.0,380.1,383.45,15140
2022-05-02 00:00:00+05:30,376.0,381.4,368.2,373.5,8272
2022-05-04 00:00:00+05:30,375.65,384.45,354.4,358.2,17750
2022-05-05 00:00:00+05:30,363.2,365.65,348.9,356.1,10774
2022-05-06 00:00:00+05:30,355.0,355.25,345.0,351.15,7480
2022-05-09 00:00:00+05:30,342.0,349.4,338.6,345.25,8843
2022-05-10 00:00:00+05:30,349.45,349.45,320.1,321.2,19290
2022-05-11 00:00:00+05:30,324.0,328.0,307.95,314.65,13029
2022-05-12 00:00:00+05:30,309.95,318.0,306.85,313.1,9997
2022-05-13 00:00:00+05:30,313.1,338.05,313.1,324.9,14656
2022-05-16 00:00:00+05:30,325.1,330.0,320.0,321.55,8616
2022-05-17 00:00:00+05:30,323.8,349.05,319.0,345.7,19370
2022-05-18 00:00:00+05:30,344.85,348.5,335.4,336.5,5381
2022-05-19 00:00:00+05:30,335.05,336.0,324.0,328.65,9302
2022-05-20 00:00:00+05:30,333.55,338.0,326.35,330.85,9094
2022-05-23 00:00:00+05:30,330.85,334.0,320.35,324.35,4329
2022-05-24 00:00:00+05:30,322.45,328.85,303.0,307.25,17441
2022-05-25 00:00:00+05:30,310.8,342.5,305.0,310.85,43852
2022-05-26 00:00:00+05:30,314.7,314.85,305.0,311.05,7117
2022-05-27 00:00:00+05:30,316.4,322.5,312.0,314.45,6296
2022-05-30 00:00:00+05:30,319.15,329.95,316.15,318.9,14770
2022-05-31 00:00:00+05:30,322.0,322.0,310.55,311.8,15298
2022-06-01 00:00:00+05:30,314.25,317.95,304.0,307.25,13467
2022-06-02 00:00:00+05:30,307.25,323.0,305.55,317.55,9144
2022-06-03 00:00:00+05:30,322.25,323.65,311.15,313.4,5235
2022-06-06 00:00:00+05:30,313.85,313.85,302.05,307.6,6316
2022-06-07 00:00:00+05:30,312.15,313.75,303.0,304.8,2959
2022-06-08 00:00:00+05:30,303.0,308.75,303.0,304.0,5768
2022-06-09 00:00:00+05:30,303.55,306.8,302.4,304.0,3364
2022-06-10 00:00:00+05:30,302.55,304.0,290.15,294.2,9601
2022-06-13 00:00:00+05:30,294.2,294.2,274.9,277.05,8145
2022-06-14 00:00:00+05:30,277.05,299.85,274.0,276.05,16784
2022-06-15 00:00:00+05:30,278.7,280.0,270.0,274.15,11051
2022-06-16 00:00:00+05:30,278.7,285.3,274.0,278.2,5028
2022-06-17 00:00:00+05:30,279.0,279.0,265.0,266.45,6331
2022-06-20 00:00:00+05:30,260.0,263.0,243.0,251.1,17521
2022-06-21 00:00:00+05:30,250.0,262.7,248.65,257.0,9449
2022-06-22 00:00:00+05:30,265.8,272.45,254.0,256.7,6988
2022-06-23 00:00:00+05:30,262.7,269.0,258.55,261.85,4154
2022-06-24 00:00:00+05:30,269.0,278.85,266.6,274.7,12387
2022-06-27 00:00:00+05:30,284.95,284.95,271.35,275.15,8897
2022-06-28 00:00:00+05:30,279.25,280.0,267.05,272.55,8241
2022-06-29 00:00:00+05:30,275.0,282.2,268.0,276.4,14032
2022-06-30 00:00:00+05:30,273.9,278.0,265.75,270.95,4383
2022-07-01 00:00:00+05:30,271.9,275.1,267.05,273.9,5184
2022-07-04 00:00:00+05:30,279.85,280.0,269.85,271.15,3763
2022-07-05 00:00:00+05:30,272.0,277.95,269.0,271.55,12183
2022-07-06 00:00:00+05:30,274.75,284.45,273.55,280.95,4494
2022-07-07 00:00:00+05:30,284.9,284.9,272.4,275.6,6042
2022-07-08 00:00:00+05:30,279.45,289.0,278.25,282.75,17998
2022-07-11 00:00:00+05:30,286.0,292.8,278.75,289.45,10859
2022-07-12 00:00:00+05:30,285.15,294.5,285.15,287.4,6893
2022-07-13 00:00:00+05:30,283.55,294.0,283.55,287.25,5148
2022-07-14 00:00:00+05:30,293.0,308.0,279.0,297.4,20139
2022-07-15 00:00:00+05:30,300.0,301.8,290.25,292.7,8085
2022-07-18 00:00:00+05:30,297.0,308.0,290.25,304.7,32736
2022-07-19 00:00:00+05:30,301.45,309.65,297.0,303.25,17222
2022-07-20 00:00:00+05:30,307.75,316.0,305.2,308.1,9742
2022-07-21 00:00:00+05:30,310.6,314.0,305.55,308.1,4303
2022-07-22 00:00:00+05:30,312.65,314.4,307.0,308.6,5508
2022-07-25 00:00:00+05:30,308.0,308.0,296.05,298.7,11211
2022-07-26 00:00:00+05:30,298.7,299.9,290.25,290.85,8917
2022-07-27 00:00:00+05:30,290.85,298.15,289.4,290.8,4177
2022-07-28 00:00:00+05:30,302.0,302.0,292.0,294.4,7089
2022-07-29 00:00:00+05:30,292.9,308.0,292.9,302.85,8841
2022-08-01 00:00:00+05:30,309.0,324.0,294.0,315.3,36373
2022-08-02 00:00:00+05:30,311.15,315.9,305.05,306.4,13977
2022-08-03 00:00:00+05:30,303.6,308.8,298.0,299.4,8694
2022-08-04 00:00:00+05:30,297.8,312.4,297.0,300.55,8868
2022-08-05 00:00:00+05:30,301.0,307.5,294.95,305.35,12067
2022-08-08 00:00:00+05:30,307.95,308.9,301.05,303.45,5849
2022-08-10 00:00:00+05:30,300.5,307.5,298.5,301.3,5593
2022-08-11 00:00:00+05:30,300.85,311.9,299.0,301.55,12153
2022-08-12 00:00:00+05:30,302.65,303.95,299.4,300.9,7186
2022-08-16 00:00:00+05:30,305.3,305.35,295.6,297.55,6656
2022-08-17 00:00:00+05:30,301.1,301.55,294.5,296.25,8872
2022-08-18 00:00:00+05:30,295.0,304.45,295.0,296.25,26446
2022-08-19 00:00:00+05:30,299.45,301.95,295.0,295.65,12895
2022-08-22 00:00:00+05:30,299.4,299.4,288.65,293.05,11328
2022-08-23 00:00:00+05:30,286.0,298.85,283.6,289.85,20875
2022-08-24 00:00:00+05:30,289.85,307.5,289.85,304.55,25288
2022-08-25 00:00:00+05:30,309.05,314.45,302.3,303.4,24629
2022-08-26 00:00:00+05:30,300.5,307.5,300.5,306.5,8077
2022-08-29 00:00:00+05:30,302.95,304.8,296.2,299.9,20237
2022-08-30 00:00:00+05:30,304.35,344.0,295.3,332.2,164287
2022-09-01 00:00:00+05:30,332.2,340.0,326.3,334.4,30690
2022-09-02 00:00:00+05:30,335.95,338.9,329.55,331.45,15747
2022-09-05 00:00:00+05:30,332.9,336.0,329.0,333.05,16555
2022-09-06 00:00:00+05:30,334.6,344.2,326.0,335.55,20241
2022-09-07 00:00:00+05:30,330.75,338.4,328.3,334.45,7903
2022-09-08 00:00:00+05:30,337.9,364.0,335.0,347.95,42768
2022-09-09 00:00:00+05:30,351.65,351.65,340.05,344.75,15995
2022-09-12 00:00:00+05:30,349.85,378.7,346.75,365.4,53245
2022-09-13 00:00:00+05:30,370.0,388.0,363.0,383.4,76313
2022-09-14 00:00:00+05:30,377.05,382.2,370.65,372.95,24534
2022-09-15 00:00:00+05:30,370.0,373.5,362.4,365.5,14736
2022-09-16 00:00:00+05:30,370.2,370.2,335.1,340.1,25564
2022-09-19 00:00:00+05:30,344.2,360.0,344.2,357.1,16694
2022-09-20 00:00:00+05:30,360.0,368.45,355.0,356.1,18223
2022-09-21 00:00:00+05:30,361.35,396.0,358.2,371.55,70850
2022-09-22 00:00:00+05:30,374.9,385.9,363.7,379.85,21817
2022-09-23 00:00:00+05:30,381.55,382.0,360.5,365.95,12322
2022-09-26 00:00:00+05:30,360.55,360.55,335.0,336.7,20653
2022-09-27 00:00:00+05:30,339.45,347.85,338.0,345.2,10031
2022-09-28 00:00:00+05:30,342.85,347.55,335.25,343.0,10691
2022-09-29 00:00:00+05:30,348.45,355.0,345.25,348.0,6345
2022-09-30 00:00:00+05:30,354.4,364.65,344.45,363.0,7455
2022-10-03 00:00:00+05:30,353.5,374.95,353.5,367.85,6944
2022-10-04 00:00:00+05:30,368.15,380.95,365.5,372.6,7072
2022-10-06 00:00:00+05:30,377.95,379.0,369.55,374.45,9351
2022-10-07 00:00:00+05:30,377.0,377.95,370.0,372.25,7769
2022-10-10 00:00:00+05:30,374.8,375.0,364.15,364.9,12528
2022-10-11 00:00:00+05:30,361.7,400.25,361.7,380.4,51433
2022-10-12 00:00:00+05:30,382.0,387.35,361.15,369.35,15098
2022-10-13 00:00:00+05:30,369.35,372.95,360.35,361.75,5825
2022-10-14 00:00:00+05:30,367.45,373.0,352.25,357.8,16319
2022-10-17 00:00:00+05:30,358.0,368.9,353.1,364.35,6307
2022-10-18 00:00:00+05:30,361.3,372.2,361.15,366.85,6523
2022-10-19 00:00:00+05:30,371.7,385.0,365.1,369.8,17252
2022-10-20 00:00:00+05:30,370.1,378.3,361.55,366.2,11162
2022-10-21 00:00:00+05:30,367.05,379.75,361.0,364.65,16753
2022-10-24 00:00:00+05:30,371.5,379.65,352.55,360.0,21114
2022-10-25 00:00:00+05:30,360.0,360.0,349.6,353.4,17054
2022-10-27 00:00:00+05:30,351.0,354.2,337.15,340.65,12565
2022-10-28 00:00:00+05:30,341.3,348.0,335.0,341.75,8727
2022-10-31 00:00:00+05:30,341.75,354.7,334.0,349.3,11504
2022-11-01 00:00:00+05:30,354.45,354.45,342.5,343.8,9400
2022-11-02 00:00:00+05:30,345.95,347.7,337.0,340.55,14730
2022-11-03 00:00:00+05:30,339.1,358.0,336.25,356.7,22217
2022-11-04 00:00:00+05:30,359.45,359.45,345.3,348.45,6892
2022-11-07 00:00:00+05:30,354.45,354.45,341.0,344.0,7828
2022-11-09 00:00:00+05:30,340.0,349.4,340.0,347.2,5751
2022-11-10 00:00:00+05:30,352.45,352.45,339.7,342.3,8739
2022-11-11 00:00:00+05:30,348.35,352.0,345.1,347.45,7153
2022-11-14 00:00:00+05:30,354.45,354.45,337.3,343.65,9917
2022-11-15 00:00:00+05:30,347.75,350.95,339.9,340.35,3178
2022-11-16 00:00:00+05:30,344.45,354.0,326.45,330.6,8524
2022-11-17 00:00:00+05:30,327.05,336.65,319.0,325.05,11164
2022-11-18 00:00:00+05:30,322.05,327.95,320.0,321.05,4544
2022-11-21 00:00:00+05:30,320.05,325.2,307.0,308.25,8932
2022-11-22 00:00:00+05:30,313.75,337.0,309.0,316.65,18768
2022-11-23 00:00:00+05:30,319.0,322.0,312.35,315.95,6057
2022-11-24 00:00:00+05:30,315.95,319.1,312.0,316.0,3111
2022-11-25 00:00:00+05:30,316.9,323.95,316.05,321.3,6676
2022-11-28 00:00:00+05:30,316.8,333.9,316.8,330.9,12255
2022-11-29 00:00:00+05:30,330.9,346.9,318.85,342.55,32554
2022-11-30 00:00:00+05:30,346.95,358.85,332.2,354.9,20042
2022-12-01 00:00:00+05:30,354.9,365.6,350.0,361.6,24026
2022-12-02 00:00:00+05:30,357.5,367.0,357.5,363.45,13984
2022-12-05 00:00:00+05:30,362.65,364.95,349.05,355.65,11889
2022-12-06 00:00:00+05:30,352.35,359.95,349.05,353.5,6747
2022-12-07 00:00:00+05:30,352.4,363.0,351.05,354.9,7808
2022-12-08 00:00:00+05:30,349.3,361.0,349.3,351.15,3554
2022-12-09 00:00:00+05:30,349.1,354.3,340.15,342.4,6007
2022-12-12 00:00:00+05:30,340.4,361.95,335.1,348.0,12819
2022-12-13 00:00:00+05:30,341.2,357.95,339.25,341.65,3580
2022-12-14 00:00:00+05:30,346.3,347.4,330.2,334.75,8747
2022-12-15 00:00:00+05:30,330.1,345.95,330.1,330.7,7651
2022-12-16 00:00:00+05:30,331.0,334.95,316.6,319.0,7356
2022-12-19 00:00:00+05:30,324.4,327.95,319.0,321.65,5626
2022-12-20 00:00:00+05:30,324.4,327.55,315.25,325.35,7372
2022-12-21 00:00:00+05:30,325.35,332.75,314.0,315.05,13701
2022-12-22 00:00:00+05:30,318.3,325.0,312.0,312.55,10708
2022-12-23 00:00:00+05:30,306.4,316.0,296.25,299.5,13482
2022-12-26 00:00:00+05:30,304.45,311.0,304.0,308.6,5442
2022-12-27 00:00:00+05:30,310.8,319.9,308.05,312.65,4974
2022-12-28 00:00:00+05:30,310.05,331.95,310.0,321.0,6897
2022-12-29 00:00:00+05:30,330.5,333.95,320.15,321.1,3315
2022-12-30 00:00:00+05:30,327.75,327.75,318.9,321.1,4642
2023-01-02 00:00:00+05:30,325.05,336.95,325.05,326.05,7101
2023-01-03 00:00:00+05:30,335.0,336.1,318.55,329.65,5675
2023-01-04 00:00:00+05:30,322.7,323.9,308.05,314.15,16797
2023-01-05 00:00:00+05:30,313.9,317.0,310.0,312.05,11139
2023-01-06 00:00:00+05:30,311.25,314.95,300.3,301.6,18517
2023-01-09 00:00:00+05:30,301.6,307.45,298.0,300.0,12531
2023-01-10 00:00:00+05:30,304.25,309.4,298.85,305.15,8914
2023-01-11 00:00:00+05:30,311.45,323.85,304.85,310.8,34847
2023-01-12 00:00:00+05:30,310.1,338.0,308.1,327.35,20605
2023-01-13 00:00:00+05:30,326.5,331.7,318.15,321.5,10229
2023-01-16 00:00:00+05:30,325.9,326.15,313.05,314.35,7138
2023-01-17 00:00:00+05:30,312.05,317.6,308.0,310.6,4147
2023-01-18 00:00:00+05:30,311.1,315.45,307.05,308.05,6596
2023-01-19 00:00:00+05:30,311.85,311.85,305.6,306.4,5587
2023-01-20 00:00:00+05:30,306.4,311.4,302.2,304.85,4326
2023-01-23 00:00:00+05:30,314.0,314.0,300.05,302.45,4425
2023-01-24 00:00:00+05:30,303.0,306.4,302.0,302.7,5027
2023-01-25 00:00:00+05:30,300.0,304.45,299.15,300.7,5234
2023-01-27 00:00:00+05:30,301.15,301.15,294.1,298.5,9055
2023-01-30 00:00:00+05:30,292.0,307.0,286.0,295.95,10410
2023-01-31 00:00:00+05:30,303.7,304.9,293.0,297.15,7164
2023-02-01 00:00:00+05:30,308.0,308.0,287.1,293.3,8443
2023-02-02 00:00:00+05:30,281.3,301.0,281.3,288.25,16354
2023-02-03 00:00:00+05:30,295.95,303.0,289.9,294.0,4263
2023-02-06 00:00:00+05:30,293.25,295.35,288.0,290.8,4390
2023-02-07 00:00:00+05:30,292.15,293.95,291.15,291.2,7522
2023-02-08 00:00:00+05:30,285.2,293.2,271.95,275.05,27331
2023-02-09 00:00:00+05:30,277.0,278.35,269.95,274.0,11539
2023-02-10 00:00:00+05:30,275.45,284.0,268.0,277.05,11821
2023-02-13 00:00:00+05:30,276.0,281.4,267.5,268.0,9023
2023-02-14 00:00:00+05:30,268.1,272.0,265.1,266.0,5184
2023-02-15 00:00:00+05:30,266.0,269.45,260.55,261.3,6732
2023-02-16 00:00:00+05:30,264.4,292.0,261.25,283.75,48234
2023-02-17 00:00:00+05:30,280.15,296.3,273.3,291.55,13202
2023-02-20 00:00:00+05:30,287.1,296.95,283.6,286.25,4828
2023-02-21 00:00:00+05:30,286.25,315.0,282.15,305.45,30881
2023-02-22 00:00:00+05:30,309.0,309.0,280.0,283.0,17256
2023-02-23 00:00:00+05:30,284.95,286.65,281.05,283.6,6390
2023-02-24 00:00:00+05:30,285.95,286.85,275.0,279.8,2961
2023-02-27 00:00:00+05:30,276.95,277.9,270.1,270.35,4048
2023-02-28 00:00:00+05:30,271.05,273.9,261.95,265.0,11614
2023-03-01 00:00:00+05:30,265.05,284.0,265.0,275.55,12811
2023-03-02 00:00:00+05:30,282.45,289.85,276.0,280.6,9132
2023-03-03 00:00:00+05:30,280.65,284.15,278.65,281.55,3992
2023-03-06 00:00:00+05:30,280.55,289.9,280.55,285.0,9362
2023-03-08 00:00:00+05:30,284.6,296.0,282.55,288.7,14175
2023-03-09 00:00:00+05:30,294.6,294.6,277.6,280.25,6183
2023-03-10 00:00:00+05:30,281.6,281.9,275.0,275.9,14401
2023-03-13 00:00:00+05:30,276.1,277.0,261.0,271.15,17574
2023-03-14 00:00:00+05:30,274.5,274.5,264.3,265.35,10245
2023-03-15 00:00:00+05:30,269.05,270.7,262.25,264.85,11634
2023-03-16 00:00:00+05:30,264.15,265.8,258.65,261.45,11447
2023-03-17 00:00:00+05:30,260.7,272.9,260.7,262.95,14113
2023-03-20 00:00:00+05:30,268.3,272.65,250.5,264.1,25676
2023-03-21 00:00:00+05:30,265.8,269.5,263.15,266.55,6560
2023-03-22 00:00:00+05:30,269.45,273.25,261.0,262.9,7443
2023-03-23 00:00:00+05:30,262.8,270.9,258.85,268.8,7378
2023-03-24 00:00:00+05:30,268.8,269.0,261.05,264.55,4686
2023-03-27 00:00:00+05:30,264.55,264.55,248.0,253.75,7170
2023-03-28 00:00:00+05:30,252.15,255.95,239.45,249.35,22193
2023-03-29 00:00:00+05:30,249.35,260.0,245.0,248.5,9654
2023-03-31 00:00:00+05:30,250.55,261.95,244.8,255.85,25730
2023-04-03 00:00:00+05:30,257.45,268.0,253.05,266.55,7580
2023-04-05 00:00:00+05:30,274.95,319.85,271.9,319.85,136233
2023-04-06 00:00:00+05:30,338.0,343.5,304.0,308.25,227768
2023-04-10 00:00:00+05:30,308.25,341.9,308.25,332.55,75922
2023-04-11 00:00:00+05:30,332.6,332.6,322.65,327.1,25880
2023-04-12 00:00:00+05:30,332.65,332.65,312.75,317.65,12065
2023-04-13 00:00:00+05:30,314.6,324.9,311.15,312.65,7261
2023-04-17 00:00:00+05:30,316.2,324.0,301.95,305.55,14461
2023-04-18 00:00:00+05:30,310.0,315.45,303.3,308.8,6460
2023-04-19 00:00:00+05:30,313.25,318.7,311.5,314.2,8440
2023-04-20 00:00:00+05:30,317.95,317.95,305.1,308.4,13057
2023-04-21 00:00:00+05:30,308.4,316.95,308.4,310.1,12225
2023-04-24 00:00:00+05:30,310.2,314.45,306.15,307.1,7284
2023-04-25 00:00:00+05:30,304.35,309.35,303.0,305.25,14181
2023-04-26 00:00:00+05:30,303.65,308.95,303.55,306.9,6372
2023-04-27 00:00:00+05:30,309.0,318.05,306.65,308.3,15328
2023-04-28 00:00:00+05:30,310.0,346.0,304.0,336.2,147511
2023-05-02 00:00:00+05:30,339.45,352.7,337.0,347.1,45434
2023-05-03 00:00:00+05:30,347.85,354.0,340.0,349.65,31628
2023-05-04 00:00:00+05:30,353.9,353.9,339.7,351.0,24073
2023-05-05 00:00:00+05:30,351.0,363.0,345.75,350.6,23013
2023-05-08 00:00:00+05:30,354.6,354.6,340.95,350.15,24868
2023-05-09 00:00:00+05:30,350.15,373.85,350.15,363.95,39513
2023-05-10 00:00:00+05:30,363.5,363.9,348.6,361.8,23519
2023-05-11 00:00:00+05:30,364.05,364.9,350.0,351.45,10027
2023-05-12 00:00:00+05:30,350.7,350.85,340.35,341.95,6617
2023-05-15 00:00:00+05:30,340.1,344.85,333.55,337.55,6507
2023-05-16 00:00:00+05:30,344.45,355.9,335.25,342.55,12079
2023-05-17 00:00:00+05:30,344.6,345.75,335.55,338.5,7126
2023-05-18 00:00:00+05:30,336.25,345.3,335.05,337.05,6687
2023-05-19 00:00:00+05:30,336.55,344.65,332.15,335.7,5150
2023-05-22 00:00:00+05:30,344.9,344.9,334.3,339.9,4226
2023-05-23 00:00:00+05:30,339.0,346.85,336.3,337.35,6398
2023-05-24 00:00:00+05:30,338.9,343.0,331.05,337.3,3559
2023-05-25 00:00:00+05:30,335.1,335.6,330.3,334.95,14642
2023-05-26 00:00:00+05:30,334.9,334.95,324.1,328.45,18120
2023-05-29 00:00:00+05:30,332.5,345.0,329.9,341.75,19322
2023-05-30 00:00:00+05:30,336.65,342.3,331.9,334.25,7631
2023-05-31 00:00:00+05:30,334.4,334.45,318.25,321.95,23901
2023-06-01 00:00:00+05:30,324.9,332.0,316.1,328.9,21470
2023-06-02 00:00:00+05:30,329.65,330.95,324.0,326.55,11714
2023-06-05 00:00:00+05:30,322.0,334.7,322.0,325.0,9055
2023-06-06 00:00:00+05:30,328.95,329.55,323.05,327.2,3753
2023-06-07 00:00:00+05:30,323.25,341.95,323.25,334.75,22030
2023-06-08 00:00:00+05:30,338.5,338.5,326.05,327.6,7735
2023-06-09 00:00:00+05:30,327.1,354.4,327.0,337.15,44390
2023-06-12 00:00:00+05:30,341.0,345.7,336.15,340.25,25386
2023-06-13 00:00:00+05:30,340.25,348.9,337.5,339.8,14491
2023-06-14 00:00:00+05:30,341.05,341.45,333.65,338.35,9087
2023-06-15 00:00:00+05:30,342.0,347.45,332.75,338.95,25683
2023-06-16 00:00:00+05:30,339.7,363.0,339.7,362.9,52346
2023-06-19 00:00:00+05:30,366.5,366.5,350.15,355.8,13926
2023-06-20 00:00:00+05:30,353.0,354.95,343.0,345.9,17987
2023-06-21 00:00:00+05:30,343.05,352.45,343.05,344.1,10102
2023-06-22 00:00:00+05:30,346.85,354.7,342.5,343.1,28744
2023-06-23 00:00:00+05:30,344.0,348.45,335.05,335.1,6583
2023-06-26 00:00:00+05:30,332.0,341.7,332.0,337.5,4702
2023-06-27 00:00:00+05:30,335.0,340.85,335.0,338.7,5215
2023-06-28 00:00:00+05:30,339.9,339.9,333.0,334.7,18897
2023-06-30 00:00:00+05:30,335.75,338.4,330.05,334.5,8045
2023-07-03 00:00:00+05:30,330.15,336.9,327.5,329.3,17347
2023-07-04 00:00:00+05:30,335.05,335.05,317.55,320.0,15368
2023-07-05 00:00:00+05:30,325.0,336.0,318.65,326.65,28973
2023-07-06 00:00:00+05:30,330.0,338.0,327.8,335.0,10429
2023-07-07 00:00:00+05:30,336.0,346.45,336.0,341.0,27329
2023-07-10 00:00:00+05:30,340.0,348.85,327.65,332.85,7166
2023-07-11 00:00:00+05:30,330.1,338.45,330.1,336.0,10099
2023-07-12 00:00:00+05:30,339.9,344.45,330.0,336.9,11046
2023-07-13 00:00:00+05:30,336.25,344.0,334.45,343.8,14474
2023-07-14 00:00:00+05:30,344.7,358.9,338.25,350.0,58663
2023-07-17 00:00:00+05:30,346.0,359.5,345.6,350.0,22453
2023-07-18 00:00:00+05:30,350.55,353.8,342.6,347.7,14714
2023-07-19 00:00:00+05:30,346.95,374.1,339.0,366.0,185620
2023-07-20 00:00:00+05:30,370.0,373.3,348.0,352.9,84456
2023-07-21 00:00:00+05:30,347.85,358.45,345.95,351.3,46877
2023-07-24 00:00:00+05:30,350.25,350.25,344.1,349.9,21524
2023-07-25 00:00:00+05:30,349.9,354.4,340.6,348.5,17894
2023-07-26 00:00:00+05:30,345.1,363.0,341.0,350.0,49999
2023-07-27 00:00:00+05:30,352.0,369.5,351.95,360.0,77832
2023-07-28 00:00:00+05:30,365.9,365.9,337.25,348.0,58675
2023-07-31 00:00:00+05:30,348.05,362.45,346.0,355.25,28447
2023-08-01 00:00:00+05:30,358.4,358.4,350.1,354.0,22366
2023-08-02 00:00:00+05:30,358.45,367.1,350.1,355.4,35178
2023-08-03 00:00:00+05:30,358.55,362.0,349.35,358.1,32101
2023-08-04 00:00:00+05:30,359.1,387.0,357.2,377.05,151325
2023-08-07 00:00:00+05:30,379.75,396.5,377.65,383.0,121304
2023-08-08 00:00:00+05:30,385.7,385.7,370.05,370.5,23342
2023-08-09 00:00:00+05:30,368.0,392.25,368.0,384.65,50798
2023-08-10 00:00:00+05:30,395.0,398.55,370.1,373.0,30123
2023-08-11 00:00:00+05:30,377.8,380.45,364.0,366.35,27093
2023-08-14 00:00:00+05:30,366.7,370.45,360.0,363.5,18475
2023-08-16 00:00:00+05:30,361.1,366.8,353.2,353.25,16911
2023-08-17 00:00:00+05:30,353.55,362.5,353.05,360.5,19796
2023-08-18 00:00:00+05:30,361.9,376.45,356.8,365.0,48479
2023-08-21 00:00:00+05:30,363.3,386.0,363.3,379.2,39933
2023-08-22 00:00:00+05:30,386.9,392.95,375.0,376.1,40711
2023-08-23 00:00:00+05:30,378.85,384.15,371.8,375.0,15795
2023-08-24 00:00:00+05:30,379.6,381.15,370.2,371.5,8205
2023-08-25 00:00:00+05:30,371.2,375.45,366.45,368.15,11102
2023-08-28 00:00:00+05:30,370.5,377.25,370.1,371.65,13949
2023-08-29 00:00:00+05:30,374.95,377.45,365.1,365.6,16146
2023-08-30 00:00:00+05:30,365.85,373.45,364.0,373.45,15704
2023-08-31 00:00:00+05:30,374.9,377.55,368.35,370.65,8103
2023-09-01 00:00:00+05:30,374.0,374.0,364.0,369.5,28861
2023-09-04 00:00:00+05:30,374.0,374.0,363.6,366.15,19719
2023-09-05 00:00:00+05:30,367.35,371.0,361.0,363.85,16779
2023-09-06 00:00:00+05:30,364.1,364.6,356.3,360.95,22850
2023-09-07 00:00:00+05:30,365.0,367.0,359.0,367.0,9007
2023-09-08 00:00:00+05:30,369.45,369.45,355.0,358.4,15422
2023-09-11 00:00:00+05:30,358.4,364.05,352.15,355.6,14734
2023-09-12 00:00:00+05:30,354.95,362.2,339.05,344.85,20747
2023-09-13 00:00:00+05:30,344.0,356.5,342.55,345.1,13947
2023-09-14 00:00:00+05:30,344.95,352.5,344.95,351.35,8123
2023-09-15 00:00:00+05:30,347.1,354.35,347.1,350.65,9415
2023-09-18 00:00:00+05:30,354.45,354.45,346.3,346.3,14825
2023-09-20 00:00:00+05:30,345.0,349.05,335.7,338.5,12764
2023-09-21 00:00:00+05:30,342.75,351.9,338.9,350.0,8298
2023-09-22 00:00:00+05:30,343.2,352.0,341.65,349.3,8519
2023-09-25 00:00:00+05:30,357.0,357.0,343.0,343.3,3990
2023-09-26 00:00:00+05:30,345.75,345.85,337.95,338.5,3877
2023-09-27 00:00:00+05:30,342.9,343.55,337.05,340.0,7889
2023-09-28 00:00:00+05:30,340.45,344.0,337.05,342.5,5057
2023-09-29 00:00:00+05:30,342.0,348.0,337.95,345.0,7489
2023-10-03 00:00:00+05:30,346.2,357.4,346.2,353.4,11506
2023-10-04 00:00:00+05:30,358.65,358.65,346.25,346.3,5330
2023-10-05 00:00:00+05:30,352.75,352.75,342.8,347.0,6085
2023-10-06 00:00:00+05:30,344.05,352.0,344.05,348.9,4015
2023-10-09 00:00:00+05:30,351.9,351.9,332.0,333.35,9335
2023-10-10 00:00:00+05:30,338.3,350.0,338.3,339.6,7439
2023-10-11 00:00:00+05:30,344.25,345.0,335.0,337.45,19069
2023-10-12 00:00:00+05:30,337.3,342.0,337.3,339.0,4539
2023-10-13 00:00:00+05:30,340.95,348.4,338.95,341.25,10647
2023-10-16 00:00:00+05:30,334.0,345.6,334.0,337.0,19520
2023-10-17 00:00:00+05:30,338.05,352.95,338.05,345.5,14362
2023-10-18 00:00:00+05:30,347.8,379.85,347.05,366.65,67809
2023-10-19 00:00:00+05:30,360.3,365.95,360.0,361.35,6989
2023-10-20 00:00:00+05:30,355.25,362.7,355.0,355.0,5014
2023-10-23 00:00:00+05:30,350.0,358.05,341.15,342.0,15738
2023-10-25 00:00:00+05:30,350.0,355.0,330.0,334.0,21366
2023-10-26 00:00:00+05:30,325.0,338.9,319.8,338.9,23452
2023-10-27 00:00:00+05:30,340.9,354.6,332.4,345.15,20467
2023-10-30 00:00:00+05:30,343.0,364.4,342.15,348.0,15547
2023-10-31 00:00:00+05:30,360.0,372.0,351.3,360.35,59379
2023-11-01 00:00:00+05:30,367.4,367.4,346.4,349.1,18481
2023-11-02 00:00:00+05:30,356.05,367.25,353.9,361.35,26652
2023-11-03 00:00:00+05:30,362.85,363.4,355.2,355.9,4948
2023-11-06 00:00:00+05:30,355.9,365.35,353.6,361.6,19621
2023-11-07 00:00:00+05:30,364.95,364.95,356.0,356.0,9409
2023-11-08 00:00:00+05:30,362.05,362.05,352.1,356.0,4630
2023-11-09 00:00:00+05:30,359.1,362.95,352.45,359.0,13284
2023-11-10 00:00:00+05:30,362.55,362.55,341.0,345.9,17462
2023-11-12 00:00:00+05:30,356.7,356.7,346.15,350.3,2700
2023-11-13 00:00:00+05:30,354.9,354.9,344.0,349.15,9098
2023-11-15 00:00:00+05:30,350.05,353.65,346.0,348.55,6165
2023-11-16 00:00:00+05:30,353.75,353.75,343.75,351.7,6419
2023-11-17 00:00:00+05:30,351.7,354.0,345.0,347.1,6054
2023-11-20 00:00:00+05:30,343.85,349.8,343.1,343.1,4684
2023-11-21 00:00:00+05:30,343.1,350.05,340.15,341.2,9730
2023-11-22 00:00:00+05:30,344.1,344.1,330.65,337.1,15075
2023-11-23 00:00:00+05:30,340.5,344.3,334.9,341.9,6334
2023-11-24 00:00:00+05:30,346.4,346.4,341.0,343.8,7154
2023-11-28 00:00:00+05:30,343.75,345.4,337.6,339.2,7151
2023-11-29 00:00:00+05:30,340.15,343.45,336.0,337.3,7090
2023-11-30 00:00:00+05:30,335.65,342.8,335.0,339.85,7462
2023-12-01 00:00:00+05:30,340.25,342.4,333.0,336.35,6587
2023-12-04 00:00:00+05:30,349.75,350.15,336.3,337.7,17249
2023-12-05 00:00:00+05:30,342.3,342.3,333.5,336.0,12886
2023-12-06 00:00:00+05:30,335.0,341.8,325.8,327.45,21258
2023-12-07 00:00:00+05:30,328.0,334.0,324.95,333.85,17164
2023-12-08 00:00:00+05:30,332.1,334.45,324.8,326.4,10918
2023-12-11 00:00:00+05:30,321.2,330.0,320.2,320.25,11924
2023-12-12 00:00:00+05:30,325.95,326.75,320.0,323.9,22380
2023-12-13 00:00:00+05:30,321.15,325.8,320.1,320.1,14363
2023-12-14 00:00:00+05:30,321.0,328.3,321.0,323.35,21442
2023-12-15 00:00:00+05:30,327.8,330.45,320.0,322.5,16134
2023-12-18 00:00:00+05:30,325.45,328.0,318.05,321.55,16103
2023-12-19 00:00:00+05:30,327.0,329.5,321.05,321.05,9748
2023-12-20 00:00:00+05:30,323.2,328.0,311.0,314.7,11592
2023-12-21 00:00:00+05:30,315.25,326.0,313.0,321.1,14872
2023-12-22 00:00:00+05:30,320.6,321.25,316.3,317.65,12727
2023-12-26 00:00:00+05:30,318.0,320.0,309.95,314.1,19497
2023-12-27 00:00:00+05:30,314.05,322.0,311.5,312.5,6563
2023-12-28 00:00:00+05:30,316.9,318.15,309.0,313.1,11434
2023-12-29 00:00:00+05:30,317.35,351.8,313.0,336.8,112168
2024-01-01 00:00:00+05:30,339.95,339.95,333.25,335.15,10671
2024-01-02 00:00:00+05:30,339.45,339.45,326.55,335.0,14540
2024-01-03 00:00:00+05:30,335.05,354.8,327.05,347.95,64833
2024-01-04 00:00:00+05:30,350.0,350.25,339.7,342.6,19015
2024-01-05 00:00:00+05:30,346.45,358.4,342.0,342.15,40748
2024-01-08 00:00:00+05:30,344.0,350.0,339.4,347.0,23914
2024-01-09 00:00:00+05:30,347.05,349.9,340.55,341.05,12858
2024-01-10 00:00:00+05:30,342.25,351.65,338.0,348.15,22835
2024-01-11 00:00:00+05:30,352.0,357.9,341.65,345.95,51227
2024-01-12 00:00:00+05:30,348.4,351.3,345.4,346.8,10948
2024-01-15 00:00:00+05:30,343.0,349.6,339.0,339.65,10969
2024-01-16 00:00:00+05:30,344.25,346.9,332.15,334.3,15174
2024-01-17 00:00:00+05:30,334.0,338.4,327.15,329.25,9120
2024-01-18 00:00:00+05:30,328.0,333.65,321.95,332.0,5477
2024-01-19 00:00:00+05:30,338.0,338.0,325.1,328.25,18802
2024-01-20 00:00:00+05:30,328.45,332.95,328.0,330.75,8199
2024-01-23 00:00:00+05:30,331.95,331.95,321.0,321.5,14045
2024-01-24 00:00:00+05:30,331.4,338.85,326.6,335.1,24004
2024-01-25 00:00:00+05:30,334.85,341.45,332.9,337.5,8415
2024-01-29 00:00:00+05:30,341.2,348.0,338.1,346.3,23107
2024-01-30 00:00:00+05:30,347.0,355.0,346.3,353.3,36471
2024-01-31 00:00:00+05:30,355.0,375.9,338.6,355.6,89868
2024-02-01 00:00:00+05:30,359.0,373.0,352.75,366.8,42258
2024-02-02 00:00:00+05:30,370.0,377.4,357.1,366.2,32556
2024-02-05 00:00:00+05:30,367.0,368.8,342.05,348.0,22332
2024-02-06 00:00:00+05:30,351.6,351.7,329.95,337.1,25160
2024-02-07 00:00:00+05:30,337.1,360.8,337.1,357.9,32827
2024-02-08 00:00:00+05:30,356.35,377.0,352.6,367.3,76984
2024-02-09 00:00:00+05:30,362.75,385.45,348.5,358.85,36022
2024-02-12 00:00:00+05:30,360.0,368.8,336.0,340.65,27220
2024-02-13 00:00:00+05:30,343.9,344.85,333.0,342.0,9027
2024-02-14 00:00:00+05:30,335.0,375.2,335.0,370.65,50279
2024-02-15 00:00:00+05:30,375.0,375.0,349.75,366.3,104979
2024-02-16 00:00:00+05:30,366.3,375.5,360.0,361.25,14152
2024-02-19 00:00:00+05:30,365.0,370.2,356.1,362.55,22123
2024-02-20 00:00:00+05:30,362.55,367.25,356.5,358.75,9518
2024-02-21 00:00:00+05:30,360.0,362.0,352.5,356.1,7666
2024-02-22 00:00:00+05:30,356.0,361.0,350.2,357.4,9930
2024-02-23 00:00:00+05:30,359.0,359.15,348.1,349.8,9618
2024-02-26 00:00:00+05:30,351.05,352.95,341.3,348.25,16420
2024-02-27 00:00:00+05:30,348.3,351.95,343.0,346.4,14326
2024-02-28 00:00:00+05:30,342.05,349.9,333.0,334.75,11999
2024-02-29 00:00:00+05:30,339.45,345.0,332.05,340.3,9128
2024-03-01 00:00:00+05:30,342.3,345.0,337.1,339.4,8291
2024-03-02 00:00:00+05:30,344.1,347.7,340.25,342.25,1649
2024-03-04 00:00:00+05:30,345.15,356.0,338.55,352.45,14797
2024-03-05 00:00:00+05:30,352.45,355.0,345.0,349.65,11643
2024-03-06 00:00:00+05:30,353.95,353.95,335.8,339.8,22945
2024-03-07 00:00:00+05:30,341.15,345.0,336.05,343.85,9050
2024-03-11 00:00:00+05:30,342.0,342.0,331.1,332.4,8867
2024-03-12 00:00:00+05:30,330.0,333.15,320.55,325.1,19325
2024-03-13 00:00:00+05:30,325.1,329.85,308.0,310.1,16030
2024-03-14 00:00:00+05:30,314.75,329.55,313.4,320.8,14156
2024-03-15 00:00:00+05:30,320.0,323.85,305.2,319.7,59990
2024-03-18 00:00:00+05:30,318.8,324.35,310.15,317.0,6502
2024-03-19 00:00:00+05:30,313.95,318.5,311.8,316.85,5018
2024-03-20 00:00:00+05:30,315.75,316.5,305.25,311.0,9949
2024-03-21 00:00:00+05:30,314.85,321.2,312.3,315.5,9738
2024-03-22 00:00:00+05:30,315.7,321.95,314.0,320.05,6294
2024-03-26 00:00:00+05:30,319.8,319.8,307.0,307.9,17279
2024-03-27 00:00:00+05:30,305.1,312.0,303.0,306.6,50184
2024-03-28 00:00:00+05:30,305.0,320.0,305.0,309.95,35865
2024-04-01 00:00:00+05:30,308.0,323.8,308.0,320.8,12866
2024-04-02 00:00:00+05:30,321.05,327.95,315.0,323.6,6902
2024-04-03 00:00:00+05:30,324.9,333.0,319.65,329.65,13664
2024-04-04 00:00:00+05:30,330.1,344.95,330.1,343.4,18329
2024-04-05 00:00:00+05:30,344.95,347.0,338.2,344.65,9576
2024-04-08 00:00:00+05:30,345.2,346.85,333.05,334.8,11387
2024-04-09 00:00:00+05:30,335.65,339.15,331.95,335.55,10663
2024-04-10 00:00:00+05:30,332.95,337.45,332.1,333.3,3548
2024-04-12 00:00:00+05:30,338.45,341.9,332.05,335.5,26485
2024-04-15 00:00:00+05:30,330.1,335.5,328.1,330.3,9439
2024-04-16 00:00:00+05:30,329.1,335.15,326.3,327.3,6179
2024-04-18 00:00:00+05:30,326.3,359.75,326.3,352.5,35814
2024-04-19 00:00:00+05:30,345.0,348.0,334.0,339.05,19416
2024-04-22 00:00:00+05:30,340.2,346.5,338.55,341.5,9550
2024-04-23 00:00:00+05:30,344.7,344.7,336.0,339.3,16505
2024-04-24 00:00:00+05:30,339.8,347.85,335.0,339.25,28585
2024-04-25 00:00:00+05:30,340.0,350.9,339.35,341.5,10075
2024-04-26 00:00:00+05:30,341.75,349.85,341.1,345.45,9265
2024-04-29 00:00:00+05:30,345.1,348.0,341.1,345.4,6834
2024-04-30 00:00:00+05:30,345.4,383.0,343.3,361.15,125363
2024-05-02 00:00:00+05:30,366.0,371.9,357.0,367.0,23978
2024-05-03 00:00:00+05:30,362.05,385.05,350.0,373.7,28568
2024-05-06 00:00:00+05:30,383.0,387.0,372.0,373.6,40151
2024-05-07 00:00:00+05:30,375.35,377.25,353.0,359.8,13805
2024-05-08 00:00:00+05:30,363.25,366.4,346.95,353.2,10674
2024-05-09 00:00:00+05:30,350.0,354.15,341.05,341.9,11960
2024-05-10 00:00:00+05:30,345.8,351.85,341.7,350.35,4171
2024-05-13 00:00:00+05:30,346.25,355.45,341.7,353.35,5387
2024-05-14 00:00:00+05:30,349.75,355.95,336.55,341.35,22905
2024-05-15 00:00:00+05:30,344.7,362.0,342.4,358.75,19099
2024-05-16 00:00:00+05:30,363.7,363.7,345.15,349.35,14778
2024-05-17 00:00:00+05:30,352.5,355.45,341.25,342.35,24222
2024-05-18 00:00:00+05:30,341.3,348.8,341.3,343.8,3888
2024-05-21 00:00:00+05:30,343.8,347.8,332.1,335.25,14889
2024-05-22 00:00:00+05:30,333.0,345.8,329.0,333.6,30397
2024-05-23 00:00:00+05:30,334.35,339.7,316.85,321.65,53209
2024-05-24 00:00:00+05:30,322.75,324.7,310.65,315.95,41616
2024-05-27 00:00:00+05:30,317.0,324.75,306.0,312.2,33739
2024-05-28 00:00:00+05:30,311.0,328.85,303.25,307.6,59945
2024-05-29 00:00:00+05:30,312.1,313.95,295.0,296.55,48192
2024-05-30 00:00:00+05:30,296.55,309.85,289.1,294.25,53180
2024-05-31 00:00:00+05:30,298.65,300.05,283.0,290.4,30328
2024-06-03 00:00:00+05:30,300.0,303.85,293.75,298.55,22204
2024-06-04 00:00:00+05:30,295.0,295.75,277.85,287.5,29366
2024-06-05 00:00:00+05:30,293.3,297.85,285.45,295.05,14087
2024-06-06 00:00:00+05:30,295.05,303.2,283.55,286.65,94652
2024-06-07 00:00:00+05:30,289.4,296.0,278.0,284.9,131163
2024-06-10 00:00:00+05:30,282.55,288.95,274.05,280.0,143088
2024-06-11 00:00:00+05:30,281.9,287.1,267.15,271.3,185250
2024-06-12 00:00:00+05:30,270.0,325.55,270.0,325.55,538887
2024-06-13 00:00:00+05:30,350.0,390.65,340.0,390.65,4081799
2024-06-14 00:00:00+05:30,419.0,455.0,413.0,448.9,3456865
2024-06-18 00:00:00+05:30,440.0,445.9,410.55,433.6,450277
2024-06-19 00:00:00+05:30,439.7,448.0,430.2,436.55,152745
2024-06-20 00:00:00+05:30,430.0,459.0,425.0,430.5,147714
2024-06-21 00:00:00+05:30,427.0,473.55,427.0,473.55,642122
2024-06-24 00:00:00+05:30,498.4,518.0,475.15,500.95,407177
2024-06-25 00:00:00+05:30,498.0,498.5,467.0,473.1,136759
2024-06-26 00:00:00+05:30,476.4,476.4,460.0,465.95,63098
2024-06-27 00:00:00+05:30,464.0,498.0,434.05,447.2,114694
2024-06-28 00:00:00+05:30,460.0,461.3,437.1,444.15,71618
2024-07-01 00:00:00+05:30,448.95,462.0,442.45,452.35,55980
2024-07-02 00:00:00+05:30,458.15,459.15,442.3,454.15,45946
2024-07-03 00:00:00+05:30,451.05,459.9,444.7,454.05,42804
2024-07-04 00:00:00+05:30,499.45,499.45,499.45,499.45,40585
2024-07-05 00:00:00+05:30,549.35,549.35,537.4,549.35,363813
2024-07-08 00:00:00+05:30,571.45,604.25,530.2,604.25,334688
2024-07-09 00:00:00+05:30,634.45,634.45,634.45,634.45,38804
2024-07-10 00:00:00+05:30,651.0,666.15,605.1,666.15,331508
2024-07-11 00:00:00+05:30,679.9,699.45,674.0,698.65,365454
2024-07-12 00:00:00+05:30,696.15,696.15,663.75,663.75,156380
2024-07-15 00:00:00+05:30,630.6,630.6,630.6,630.6,10643
2024-07-16 00:00:00+05:30,599.1,624.0,599.1,599.1,80789
2024-07-18 00:00:00+05:30,585.0,629.0,569.15,601.25,90323
2024-07-19 00:00:00+05:30,604.9,609.7,571.2,571.25,40434
2024-07-22 00:00:00+05:30,569.25,591.0,552.1,568.4,19702
2024-07-23 00:00:00+05:30,568.0,568.0,540.0,559.85,30507
2024-07-24 00:00:00+05:30,551.0,587.8,550.0,581.95,25031
2024-07-25 00:00:00+05:30,589.0,592.45,565.25,568.4,14073
2024-07-26 00:00:00+05:30,574.65,596.8,565.0,596.15,13340
2024-07-29 00:00:00+05:30,612.9,622.0,595.0,601.5,23664
2024-07-30 00:00:00+05:30,600.95,614.9,590.0,599.75,14349
2024-07-31 00:00:00+05:30,609.9,609.9,578.0,587.15,9075
2024-08-01 00:00:00+05:30,587.15,590.0,570.0,581.8,16812
2024-08-02 00:00:00+05:30,576.95,578.0,555.05,563.8,14718
2024-08-05 00:00:00+05:30,536.8,550.0,535.65,535.65,28789
2024-08-06 00:00:00+05:30,525.0,553.0,520.05,544.15,17160
2024-08-07 00:00:00+05:30,563.7,564.0,540.0,557.4,10307
2024-08-08 00:00:00+05:30,550.0,550.0,536.25,537.9,5167
2024-08-09 00:00:00+05:30,540.0,550.0,531.55,538.35,3946
2024-08-12 00:00:00+05:30,523.15,550.0,516.35,538.85,8289
2024-08-13 00:00:00+05:30,537.85,537.85,511.9,518.3,25353
2024-08-14 00:00:00+05:30,515.0,515.0,493.35,499.4,20366
2024-08-16 00:00:00+05:30,498.8,499.0,476.0,492.35,18920
2024-08-19 00:00:00+05:30,484.05,498.75,484.0,491.3,15908
2024-08-20 00:00:00+05:30,498.4,507.95,483.15,505.55,7947
2024-08-21 00:00:00+05:30,510.85,524.9,505.0,510.6,8920
2024-08-22 00:00:00+05:30,509.35,536.1,509.3,536.1,10266
2024-08-23 00:00:00+05:30,540.0,558.95,531.0,538.75,14620
2024-08-26 00:00:00+05:30,542.95,542.95,514.05,518.25,6512
2024-08-27 00:00:00+05:30,518.9,528.75,515.0,517.8,2943
2024-08-28 00:00:00+05:30,523.95,535.0,516.35,527.25,4493
2024-08-29 00:00:00+05:30,534.95,534.95,512.05,520.95,2634
2024-08-30 00:00:00+05:30,513.1,529.7,506.35,510.05,7439
2024-09-02 00:00:00+05:30,502.1,524.9,501.9,506.55,5693
2024-09-03 00:00:00+05:30,506.5,513.0,492.2,497.9,5471
2024-09-04 00:00:00+05:30,490.0,500.0,490.0,494.7,5076
2024-09-05 00:00:00+05:30,494.7,510.0,491.1,492.7,10577
2024-09-06 00:00:00+05:30,492.9,492.9,480.0,484.55,28311
2024-09-09 00:00:00+05:30,466.1,476.9,460.35,460.35,20150
2024-09-10 00:00:00+05:30,459.75,483.35,444.2,472.1,22100
2024-09-11 00:00:00+05:30,460.05,479.0,460.0,460.0,5060
2024-09-12 00:00:00+05:30,460.0,483.0,458.0,483.0,50216
2024-09-13 00:00:00+05:30,494.4,500.0,475.0,499.0,11466
2024-09-16 00:00:00+05:30,510.0,510.0,474.5,483.65,12188
2024-09-17 00:00:00+05:30,483.05,498.0,475.55,483.0,3547
2024-09-18 00:00:00+05:30,482.0,484.75,465.0,474.75,2506
2024-09-19 00:00:00+05:30,473.7,484.9,451.05,457.2,28124
2024-09-20 00:00:00+05:30,456.95,479.0,456.65,472.3,14392
2024-09-23 00:00:00+05:30,465.0,492.95,460.0,486.4,25518
2024-09-24 00:00:00+05:30,479.0,486.4,470.0,482.6,6625
2024-09-25 00:00:00+05:30,482.6,489.0,466.0,469.75,12600
2024-09-26 00:00:00+05:30,469.75,470.0,453.3,460.2,6558
2024-09-27 00:00:00+05:30,458.4,458.4,437.2,442.1,59720
2024-09-30 00:00:00+05:30,444.8,462.45,425.25,449.0,52629
2024-10-01 00:00:00+05:30,447.4,465.0,435.15,456.6,7734
2024-10-03 00:00:00+05:30,456.0,458.0,433.8,437.5,15930
2024-10-04 00:00:00+05:30,437.5,446.95,430.0,440.1,6930
2024-10-07 00:00:00+05:30,457.95,458.0,418.5,429.95,13250
2024-10-08 00:00:00+05:30,428.0,439.0,408.45,427.3,12651
2024-10-09 00:00:00+05:30,428.6,448.65,428.6,446.7,6518
2024-10-10 00:00:00+05:30,445.0,450.0,424.4,427.55,11471
2024-10-11 00:00:00+05:30,424.95,444.7,422.5,436.75,7713
2024-10-14 00:00:00+05:30,447.45,447.95,435.15,441.55,3024
2024-10-15 00:00:00+05:30,440.0,448.5,435.05,437.7,6317
2024-10-16 00:00:00+05:30,437.7,448.7,435.0,438.35,7155
2024-10-17 00:00:00+05:30,444.0,448.0,429.0,439.55,6941
2024-10-18 00:00:00+05:30,429.95,447.0,426.95,440.4,4104
2024-10-21 00:00:00+05:30,425.6,459.9,425.6,456.8,8520
2024-10-22 00:00:00+05:30,456.8,469.4,434.0,434.05,11647
2024-10-23 00:00:00+05:30,434.0,449.0,426.0,431.1,3976
2024-10-24 00:00:00+05:30,431.1,443.2,421.5,424.95,9124
2024-10-25 00:00:00+05:30,438.9,438.9,403.7,404.35,7311
2024-10-28 00:00:00+05:30,404.35,409.5,400.0,405.2,3505
2024-10-29 00:00:00+05:30,403.65,409.0,388.0,389.6,6118
2024-10-30 00:00:00+05:30,389.6,409.0,376.5,391.45,18067
2024-10-31 00:00:00+05:30,399.45,405.0,388.0,398.95,4989
2024-11-01 00:00:00+05:30,417.6,417.6,405.0,405.95,2629
2024-11-04 00:00:00+05:30,418.95,418.95,392.25,406.8,3560
2024-11-05 00:00:00+05:30,407.65,407.65,397.0,402.5,15024
2024-11-06 00:00:00+05:30,407.7,413.0,397.0,400.1,14272
2024-11-07 00:00:00+05:30,403.0,411.0,397.0,397.4,2722
2024-11-08 00:00:00+05:30,397.0,403.9,385.0,395.1,5559
2024-11-11 00:00:00+05:30,383.4,405.0,375.35,378.2,22660
2024-11-12 00:00:00+05:30,392.85,394.9,359.3,377.15,12771
2024-11-13 00:00:00+05:30,373.0,379.75,358.3,365.5,11965
2024-11-14 00:00:00+05:30,364.4,378.0,358.0,364.55,13110
2024-11-18 00:00:00+05:30,360.0,377.0,360.0,368.9,23020
2024-11-19 00:00:00+05:30,376.7,376.7,360.0,360.0,8656
2024-11-21 00:00:00+05:30,366.8,366.8,343.15,348.05,9232
2024-11-22 00:00:00+05:30,347.95,358.0,341.2,351.45,2967
2024-11-25 00:00:00+05:30,363.95,363.95,335.0,345.6,11898
2024-11-26 00:00:00+05:30,344.45,344.45,333.0,337.6,2798
2024-11-27 00:00:00+05:30,337.0,353.95,335.0,347.55,10764
2024-11-28 00:00:00+05:30,358.9,359.0,346.0,346.8,11276
2024-11-29 00:00:00+05:30,354.9,354.9,342.1,346.55,8019
2024-12-02 00:00:00+05:30,346.1,359.0,340.5,354.95,30522
2024-12-03 00:00:00+05:30,354.95,355.4,344.0,346.4,19329
2024-12-04 00:00:00+05:30,358.95,363.7,350.0,363.7,35526
2024-12-05 00:00:00+05:30,379.85,381.85,371.0,381.85,15087
2024-12-06 00:00:00+05:30,394.0,400.9,380.0,400.9,61744
2024-12-09 00:00:00+05:30,414.0,414.0,387.5,389.75,23376
2024-12-10 00:00:00+05:30,381.95,381.95,381.95,381.95,1832
2024-12-11 00:00:00+05:30,381.7,381.7,375.0,375.0,1632
2024-12-12 00:00:00+05:30,375.0,375.0,370.0,370.0,1530
2024-12-13 00:00:00+05:30,362.6,363.35,362.6,363.35,2135
2024-12-16 00:00:00+05:30,370.0,370.6,370.0,370.6,2417
2024-12-17 00:00:00+05:30,377.8,377.8,371.0,376.9,7439
2024-12-18 00:00:00+05:30,375.9,375.9,370.0,370.0,3114
2024-12-19 00:00:00+05:30,371.0,375.0,371.0,375.0,6090
2024-12-20 00:00:00+05:30,375.0,375.0,370.0,370.0,1622
2024-12-23 00:00:00+05:30,370.0,371.9,370.0,370.0,5287
2024-12-24 00:00:00+05:30,370.5,370.5,370.0,370.0,5325
2024-12-26 00:00:00+05:30,367.0,370.0,365.0,365.0,3972
2024-12-27 00:00:00+05:30,363.05,363.05,357.7,357.7,614
2024-12-30 00:00:00+05:30,350.55,351.55,350.55,350.55,4594
2024-12-31 00:00:00+05:30,348.0,348.0,343.55,343.55,481
2025-01-01 00:00:00+05:30,336.7,337.5,336.7,337.0,5823
2025-01-02 00:00:00+05:30,339.0,340.55,339.0,340.15,6854
2025-01-03 00:00:00+05:30,338.9,346.9,338.0,346.9,7257
2025-01-06 00:00:00+05:30,353.8,353.8,342.0,342.0,1874
2025-01-07 00:00:00+05:30,342.0,344.0,340.0,340.0,4157
2025-01-08 00:00:00+05:30,340.0,340.0,333.2,333.2,5741
2025-01-09 00:00:00+05:30,334.0,334.0,332.8,332.8,2158
2025-01-10 00:00:00+05:30,331.75,331.75,326.15,330.0,8479
2025-01-13 00:00:00+05:30,330.0,330.0,323.4,323.4,3982
2025-01-14 00:00:00+05:30,320.0,321.0,316.95,316.95,4189
2025-01-15 00:00:00+05:30,310.65,312.0,310.65,310.65,6996
2025-01-16 00:00:00+05:30,306.0,306.0,305.1,306.0,2383
2025-01-17 00:00:00+05:30,300.0,300.0,299.9,300.0,7671
2025-01-20 00:00:00+05:30,300.0,309.9,295.15,305.65,3377
2025-01-21 00:00:00+05:30,305.95,315.0,300.0,308.2,9588
2025-01-22 00:00:00+05:30,307.1,317.4,300.0,301.2,1581
2025-01-23 00:00:00+05:30,301.3,311.1,300.0,306.15,1210
2025-01-24 00:00:00+05:30,292.3,305.05,291.05,296.6,7744
2025-01-27 00:00:00+05:30,295.0,295.0,281.8,285.9,25085
2025-01-28 00:00:00+05:30,282.6,295.0,271.85,281.85,2888
2025-01-29 00:00:00+05:30,285.0,295.0,282.1,291.75,3427
2025-01-30 00:00:00+05:30,298.95,298.95,277.2,278.55,14223
2025-01-31 00:00:00+05:30,278.55,280.0,266.3,270.8,7216
2025-02-01 00:00:00+05:30,266.0,284.3,264.05,284.3,13941
2025-02-03 00:00:00+05:30,298.0,298.5,284.3,298.3,9966
2025-02-04 00:00:00+05:30,300.0,313.2,293.0,296.8,20425
2025-02-05 00:00:00+05:30,299.95,303.9,284.65,286.3,11561
2025-02-06 00:00:00+05:30,294.35,304.35,288.0,289.8,6678
2025-02-07 00:00:00+05:30,298.45,305.0,285.0,289.5,3877
2025-02-10 00:00:00+05:30,291.35,291.35,268.8,271.05,7790
2025-02-11 00:00:00+05:30,277.9,280.05,250.0,250.8,17464
2025-02-12 00:00:00+05:30,254.95,257.4,240.0,242.3,24762
2025-02-13 00:00:00+05:30,246.05,266.5,246.0,260.6,32713
2025-02-14 00:00:00+05:30,260.05,278.0,240.3,247.45,41056
2025-02-17 00:00:00+05:30,245.3,269.95,245.0,266.5,50930
2025-02-18 00:00:00+05:30,263.15,277.0,258.05,273.1,20599
2025-02-19 00:00:00+05:30,272.75,294.6,272.55,274.1,14941
2025-02-20 00:00:00+05:30,268.0,278.55,268.0,274.7,7350
2025-02-21 00:00:00+05:30,275.0,283.95,267.05,272.55,6251
2025-02-24 00:00:00+05:30,268.6,268.6,258.95,260.8,50883
2025-02-25 00:00:00+05:30,252.0,268.5,252.0,259.7,19136
2025-02-27 00:00:00+05:30,263.55,264.9,255.35,263.35,13597
2025-02-28 00:00:00+05:30,263.35,263.35,247.8,250.2,12897
2025-03-03 00:00:00+05:30,248.1,256.7,231.0,236.1,27614
2025-03-04 00:00:00+05:30,230.05,248.05,217.9,232.35,39786
2025-03-05 00:00:00+05:30,237.65,243.5,235.5,237.95,33855
2025-03-06 00:00:00+05:30,246.15,257.8,241.65,246.15,49583
2025-03-07 00:00:00+05:30,253.5,254.35,233.9,237.25,52859
2025-03-10 00:00:00+05:30,242.0,242.0,222.3,226.45,80886
2025-03-11 00:00:00+05:30,227.0,229.5,218.75,221.65,43484
2025-03-12 00:00:00+05:30,224.6,230.7,217.95,221.75,221235
2025-03-13 00:00:00+05:30,225.9,231.75,215.05,218.0,56448
2025-03-17 00:00:00+05:30,222.0,222.0,212.95,215.5,86902
2025-03-18 00:00:00+05:30,219.45,237.05,213.9,231.8,149411
2025-03-19 00:00:00+05:30,231.3,239.0,218.35,221.5,124730
2025-03-20 00:00:00+05:30,223.15,230.0,216.0,217.0,58554
2025-03-21 00:00:00+05:30,218.8,224.0,218.0,220.1,40676
2025-03-24 00:00:00+05:30,222.8,242.1,222.8,241.35,201320
2025-03-25 00:00:00+05:30,240.05,259.85,224.25,250.6,126835
2025-03-26 00:00:00+05:30,251.1,251.1,240.3,245.95,33862
2025-03-27 00:00:00+05:30,240.25,255.85,240.25,244.7,50639
2025-03-28 00:00:00+05:30,242.1,251.15,232.05,234.65,42142
2025-04-01 00:00:00+05:30,233.0,245.0,233.0,240.52,21853
2025-04-02 00:00:00+05:30,241.18,243.8,238.81,241.23,12275
2025-04-03 00:00:00+05:30,243.09,246.38,239.0,242.43,31370
2025-04-04 00:00:00+05:30,242.85,245.9,231.2,238.15,26565
2025-04-07 00:00:00+05:30,204.43,238.15,204.43,229.98,22030
2025-04-08 00:00:00+05:30,228.3,238.2,228.3,237.27,11597
2025-04-09 00:00:00+05:30,236.49,271.9,229.0,245.71,350552
2025-04-11 00:00:00+05:30,249.15,269.9,246.22,260.19,157225
2025-04-15 00:00:00+05:30,265.76,294.75,255.0,286.97,142317
2025-04-16 00:00:00+05:30,288.1,301.82,276.01,279.36,133064
2025-04-17 00:00:00+05:30,282.0,289.0,275.72,279.54,38815
2025-04-21 00:00:00+05:30,282.2,286.75,273.31,283.31,25780
2025-04-22 00:00:00+05:30,284.21,286.79,276.02,277.22,24981
2025-04-23 00:00:00+05:30,280.88,282.06,260.41,270.21,45279
2025-04-24 00:00:00+05:30,271.0,284.55,264.3,273.82,52911
2025-04-25 00:00:00+05:30,268.74,271.0,254.99,257.32,36098
2025-04-28 00:00:00+05:30,260.0,277.0,258.96,262.65,36956
2025-04-29 00:00:00+05:30,265.3,268.0,262.14,267.08,16276
2025-04-30 00:00:00+05:30,266.05,267.48,256.3,260.91,14939
2025-05-02 00:00:00+05:30,256.3,264.6,252.1,256.15,17037
2025-05-05 00:00:00+05:30,256.15,262.9,251.4,261.85,12982
2025-05-06 00:00:00+05:30,261.85,261.85,248.9,250.75,21243
2025-05-07 00:00:00+05:30,248.0,256.05,247.25,249.65,13455
2025-05-08 00:00:00+05:30,257.1,257.1,238.1,240.9,18947
2025-05-09 00:00:00+05:30,232.4,251.0,232.4,240.75,21834
2025-05-12 00:00:00+05:30,246.0,258.5,246.0,256.9,12551
2025-05-13 00:00:00+05:30,259.7,259.7,243.05,249.2,23287
2025-05-14 00:00:00+05:30,254.5,265.3,253.6,262.5,16525
2025-05-15 00:00:00+05:30,265.6,280.45,261.5,277.45,56487
2025-05-16 00:00:00+05:30,277.45,291.05,275.0,285.3,31677
2025-05-19 00:00:00+05:30,285.4,342.35,285.4,342.35,430160
2025-05-20 00:00:00+05:30,356.0,371.0,324.0,326.6,278834
2025-05-21 00:00:00+05:30,326.05,345.0,324.15,336.25,61668
2025-05-22 00:00:00+05:30,338.0,359.0,325.4,342.25,122486
2025-05-23 00:00:00+05:30,348.0,355.15,339.15,345.3,40794
2025-05-26 00:00:00+05:30,345.25,352.9,320.6,330.6,45441
2025-05-27 00:00:00+05:30,334.7,334.7,319.05,321.05,22438
2025-05-28 00:00:00+05:30,352.9,353.15,340.05,353.15,91714
2025-05-29 00:00:00+05:30,335.5,358.0,335.5,347.0,55947
2025-05-30 00:00:00+05:30,339.05,345.0,329.65,335.6,47387
2025-06-02 00:00:00+05:30,334.9,334.9,319.05,326.1,22714
2025-06-03 00:00:00+05:30,324.5,328.9,314.0,321.4,14419
2025-06-04 00:00:00+05:30,321.4,329.8,316.4,323.8,24442
2025-06-05 00:00:00+05:30,323.8,335.5,322.0,331.25,15446
2025-06-06 00:00:00+05:30,335.95,337.85,323.25,336.7,21340
2025-06-09 00:00:00+05:30,336.7,339.0,327.0,332.7,17247
2025-06-10 00:00:00+05:30,335.0,344.0,331.05,338.3,36960
2025-06-11 00:00:00+05:30,340.55,355.2,335.55,348.75,46835
2025-06-12 00:00:00+05:30,356.95,356.95,338.0,343.1,25693
2025-06-13 00:00:00+05:30,343.1,346.45,331.2,344.25,6577
2025-06-16 00:00:00+05:30,342.0,353.0,336.0,352.6,19737
2025-06-17 00:00:00+05:30,350.0,355.75,342.4,344.15,10946
2025-06-18 00:00:00+05:30,341.0,350.0,339.9,348.95,8148
2025-06-19 00:00:00+05:30,348.0,350.0,336.0,336.55,9183
2025-06-20 00:00:00+05:30,345.5,350.0,336.1,347.95,8278
2025-06-23 00:00:00+05:30,347.95,365.3,341.15,365.15,60161
2025-06-24 00:00:00+05:30,383.4,383.4,370.0,383.4,99346
2025-06-25 00:00:00+05:30,402.55,402.55,391.5,402.55,108304
2025-06-26 00:00:00+05:30,422.65,422.65,409.95,422.65,293526
2025-06-27 00:00:00+05:30,431.1,431.1,431.1,431.1,43933
2025-06-30 00:00:00+05:30,439.7,439.7,439.7,439.7,18083
2025-07-01 00:00:00+05:30,448.45,448.45,448.45,448.45,20558
2025-07-02 00:00:00+05:30,457.4,457.4,440.0,445.1,43159
2025-07-03 00:00:00+05:30,444.0,444.0,440.0,442.0,20357
2025-07-04 00:00:00+05:30,440.0,440.0,433.2,433.2,37721
2025-07-07 00:00:00+05:30,432.0,432.0,424.55,424.55,4316
2025-07-08 00:00:00+05:30,422.4,422.4,416.05,416.05,5935
2025-07-09 00:00:00+05:30,418.0,418.0,410.0,410.0,15044
2025-07-10 00:00:00+05:30,410.0,415.0,410.0,415.0,9342
2025-07-11 00:00:00+05:30,414.0,414.0,406.75,406.75,3453
2025-07-14 00:00:00+05:30,410.0,414.85,410.0,414.85,2301
2025-07-15 00:00:00+05:30,423.1,423.1,423.0,423.1,469
2025-07-16 00:00:00+05:30,431.55,431.55,431.55,431.55,8258
2025-07-17 00:00:00+05:30,440.15,440.15,440.15,440.15,2650
2025-07-18 00:00:00+05:30,448.95,448.95,448.95,448.95,2900
2025-07-21 00:00:00+05:30,457.9,457.9,457.9,457.9,3257
2025-07-22 00:00:00+05:30,463.0,463.0,448.75,448.75,13797
2025-07-23 00:00:00+05:30,441.5,441.5,439.8,439.8,3695
2025-07-24 00:00:00+05:30,447.9,447.9,431.0,431.0,10244
2025-07-25 00:00:00+05:30,431.0,431.0,422.4,422.4,8244
2025-07-28 00:00:00+05:30,422.65,430.8,422.65,430.8,19253
2025-07-29 00:00:00+05:30,430.8,430.8,422.2,422.5,4310
2025-07-30 00:00:00+05:30,422.5,424.0,422.5,424.0,1202
2025-07-31 00:00:00+05:30,424.0,424.0,419.9,420.3,8175
2025-08-01 00:00:00+05:30,420.3,425.0,420.0,420.0,4371
2025-08-04 00:00:00+05:30,411.2,427.0,411.2,418.7,14889
2025-08-05 00:00:00+05:30,405.05,433.9,405.0,428.15,10986
2025-08-06 00:00:00+05:30,421.0,440.0,419.5,430.0,26356
2025-08-07 00:00:00+05:30,415.0,444.0,415.0,435.2,6566
2025-08-08 00:00:00+05:30,435.2,439.9,420.0,433.8,13858
2025-08-11 00:00:00+05:30,422.5,433.75,416.5,425.2,5063
2025-08-12 00:00:00+05:30,425.2,430.0,411.1,425.2,9676
2025-08-13 00:00:00+05:30,426.1,433.9,415.5,427.85,53050
2025-08-14 00:00:00+05:30,428.0,430.0,418.2,425.1,4843
2025-08-18 00:00:00+05:30,433.3,433.3,426.0,426.55,3349
2025-08-19 00:00:00+05:30,426.3,434.0,420.0,427.4,14144
2025-08-20 00:00:00+05:30,420.0,432.9,412.1,430.6,7132
2025-08-21 00:00:00+05:30,422.1,434.0,419.9,432.25,13344
2025-08-22 00:00:00+05:30,432.0,436.5,420.0,435.55,19454
2025-08-25 00:00:00+05:30,435.55,435.55,425.05,425.1,13295
2025-08-26 00:00:00+05:30,420.0,440.0,413.3,416.7,2452
2025-08-28 00:00:00+05:30,416.7,420.0,411.95,416.1,2015
2025-08-29 00:00:00+05:30,416.1,416.1,409.1,414.05,4540
2025-09-01 00:00:00+05:30,414.05,416.0,408.05,411.75,13855
2025-09-02 00:00:00+05:30,410.35,415.0,404.0,411.55,2900
2025-09-03 00:00:00+05:30,411.2,414.95,408.1,410.05,622
2025-09-04 00:00:00+05:30,405.25,420.0,405.25,413.2,35316
2025-09-05 00:00:00+05:30,414.95,414.95,412.3,414.55,5078
2025-09-08 00:00:00+05:30,415.0,434.85,405.25,409.05,11566
2025-09-09 00:00:00+05:30,405.0,414.9,400.1,404.9,2771
2025-09-10 00:00:00+05:30,404.9,409.95,392.1,405.0,12120
2025-09-11 00:00:00+05:30,401.0,412.95,401.0,409.2,11449
2025-09-12 00:00:00+05:30,408.95,409.0,403.0,405.65,5022
2025-09-15 00:00:00+05:30,407.65,407.65,395.0,401.35,7829
2025-09-16 00:00:00+05:30,419.8,421.4,410.0,421.35,52379
2025-09-17 00:00:00+05:30,431.85,442.4,425.3,436.45,21022
2025-09-18 00:00:00+05:30,438.3,449.9,416.5,421.55,18259
2025-09-19 00:00:00+05:30,442.6,442.6,442.0,442.6,71341
2025-09-22 00:00:00+05:30,464.7,464.7,464.7,464.7,4984
2025-09-23 00:00:00+05:30,474.0,487.9,450.1,482.45,36531
2025-09-24 00:00:00+05:30,475.1,481.95,475.1,475.1,8142
2025-09-25 00:00:00+05:30,475.0,484.5,475.0,475.05,7819
2025-09-26 00:00:00+05:30,468.0,478.0,468.0,468.0,1182
2025-09-29 00:00:00+05:30,465.0,465.0,459.0,459.0,2370
2025-09-30 00:00:00+05:30,459.0,459.0,450.1,454.0,2914
2025-10-01 00:00:00+05:30,457.0,457.0,444.95,444.95,2141
2025-10-03 00:00:00+05:30,451.9,451.9,440.0,445.0,3146
2025-10-06 00:00:00+05:30,439.0,439.0,436.1,436.1,1967
2025-10-07 00:00:00+05:30,437.0,438.0,436.5,437.0,1401
2025-10-08 00:00:00+05:30,432.0,433.0,432.0,432.0,807
2025-10-09 00:00:00+05:30,425.0,440.0,424.0,440.0,7063
2025-10-10 00:00:00+05:30,435.5,448.8,435.5,448.8,2262
2025-10-13 00:00:00+05:30,457.75,457.75,457.75,457.75,4545
2025-10-14 00:00:00+05:30,466.9,466.9,466.9,466.9,6126
2025-10-15 00:00:00+05:30,476.2,476.2,460.1,460.1,13790
2025-10-16 00:00:00+05:30,460.0,460.0,455.25,456.05,1390
2025-10-17 00:00:00+05:30,453.75,453.75,447.0,447.0,1947
2025-10-20 00:00:00+05:30,445.0,445.05,438.55,445.05,2551
2025-10-23 00:00:00+05:30,441.15,441.15,440.0,440.8,4777
2025-10-24 00:00:00+05:30,435.0,440.85,435.0,435.0,3206
2025-10-27 00:00:00+05:30,430.0,434.0,430.0,430.0,3568
2025-10-28 00:00:00+05:30,430.0,430.0,422.0,422.0,2968
2025-10-29 00:00:00+05:30,430.4,430.4,422.0,430.4,4430
2025-10-30 00:00:00+05:30,439.0,439.0,439.0,439.0,3709
2025-10-31 00:00:00+05:30,447.0,447.0,442.5,447.0,10114
2025-11-03 00:00:00+05:30,447.0,465.0,430.0,459.55,7527
2025-11-04 00:00:00+05:30,474.9,474.9,436.65,436.7,10049
2025-11-06 00:00:00+05:30,440.85,441.5,417.2,417.2,7089
2025-11-07 00:00:00+05:30,419.0,432.55,417.0,427.2,1501
2025-11-10 00:00:00+05:30,439.0,439.0,415.0,415.0,1874
2025-11-11 00:00:00+05:30,412.0,427.0,407.0,407.5,65340
2025-11-12 00:00:00+05:30,408.55,424.9,408.55,421.9,1765
2025-11-13 00:00:00+05:30,418.85,426.0,410.2,419.35,2631
2025-11-14 00:00:00+05:30,414.0,427.45,396.4,420.0,10743
2025-11-17 00:00:00+05:30,429.0,429.0,403.0,407.9,7847
2025-11-18 00:00:00+05:30,395.5,419.0,395.5,400.0,15745
2025-11-19 00:00:00+05:30,395.4,410.0,393.5,409.45,18001
2025-11-20 00:00:00+05:30,405.6,405.65,379.7,399.0,23246
2025-11-21 00:00:00+05:30,404.55,405.3,381.65,383.8,4321
2025-11-24 00:00:00+05:30,370.1,399.0,370.1,385.15,14501
2025-11-25 00:00:00+05:30,391.3,399.75,383.2,395.0,6921
2025-11-26 00:00:00+05:30,394.55,414.2,393.9,410.05,14544
2025-11-27 00:00:00+05:30,429.0,429.0,400.0,402.55,3308
2025-11-28 00:00:00+05:30,395.2,412.35,395.2,399.2,3153
2025-12-01 00:00:00+05:30,396.5,408.95,394.1,395.15,2950
2025-12-02 00:00:00+05:30,401.25,402.85,390.0,391.25,3067
2025-12-03 00:00:00+05:30,388.0,396.35,386.0,389.0,2807
2025-12-04 00:00:00+05:30,393.75,393.75,384.05,387.75,2955
2025-12-05 00:00:00+05:30,377.0,384.0,377.0,379.75,3865
2025-12-08 00:00:00+05:30,377.85,378.25,361.05,362.15,20042
2025-12-09 00:00:00+05:30,370.0,370.0,345.0,355.9,20447
2025-12-10 00:00:00+05:30,360.1,365.0,341.1,343.0,5831
2025-12-11 00:00:00+05:30,359.45,362.25,337.05,344.45,8936
2025-12-12 00:00:00+05:30,348.45,362.45,339.55,353.95,6312
2025-12-15 00:00:00+05:30,364.4,364.4,341.0,343.4,3150
2025-12-16 00:00:00+05:30,348.05,348.05,341.55,343.1,5079
2025-12-17 00:00:00+05:30,340.85,347.0,330.0,331.0,73888
2025-12-18 00:00:00+05:30,334.35,339.95,324.0,334.95,5291
2025-12-19 00:00:00+05:30,330.8,359.8,330.45,359.8,9240
2025-12-22 00:00:00+05:30,384.85,395.75,375.9,395.75,33276
2025-12-23 00:00:00+05:30,401.7,423.0,377.6,409.25,42422
2025-12-24 00:00:00+05:30,406.3,421.95,393.05,407.45,16259
2025-12-26 00:00:00+05:30,417.45,417.45,400.35,410.0,5823
2025-12-29 00:00:00+05:30,405.0,416.95,401.5,409.85,3276
2025-12-30 00:00:00+05:30,408.0,410.2,390.0,394.6,6229
2025-12-31 00:00:00+05:30,402.85,406.7,391.35,395.6,5736
2026-01-01 00:00:00+05:30,380.0,407.8,380.0,396.3,9808
2026-01-02 00:00:00+05:30,398.05,407.15,393.3,402.9,17010
2026-01-05 00:00:00+05:30,402.95,412.95,398.0,403.0,3294
2026-01-06 00:00:00+05:30,389.2,404.2,381.25,382.8,4646
2026-01-07 00:00:00+05:30,397.35,401.55,384.05,386.4,6066
2026-01-08 00:00:00+05:30,389.15,390.0,365.0,370.0,6107
2026-01-09 00:00:00+05:30,365.0,408.0,365.0,382.6,12718
2026-01-12 00:00:00+05:30,408.45,408.45,379.9,390.2,8707
2026-01-13 00:00:00+05:30,391.0,398.0,383.75,393.6,3977
2026-01-14 00:00:00+05:30,390.15,391.85,365.0,382.8,15184
2026-01-16 00:00:00+05:30,377.1,383.7,376.65,381.0,7344
2026-01-19 00:00:00+05:30,378.05,404.6,361.6,378.05,24533
2026-01-20 00:00:00+05:30,370.0,381.8,365.1,365.75,5993
2026-01-21 00:00:00+05:30,366.65,369.8,342.8,347.45,17799
2026-01-22 00:00:00+05:30,355.3,382.15,355.15,382.15,11125
2026-01-23 00:00:00+05:30,393.0,393.0,365.95,369.25,6115
2026-01-27 00:00:00+05:30,365.0,370.15,360.5,362.65,3589
2026-01-28 00:00:00+05:30,374.45,375.0,348.25,349.8,18385
2026-01-29 00:00:00+05:30,349.2,350.4,332.6,335.45,6922
2026-01-30 00:00:00+05:30,336.1,340.95,329.2,334.35,14420
2026-02-01 00:00:00+05:30,337.9,349.9,333.0,336.4,4265
2026-02-02 00:00:00+05:30,336.2,348.0,332.0,346.2,6280
2026-02-03 00:00:00+05:30,360.0,360.05,342.1,345.4,4835
2026-02-04 00:00:00+05:30,351.85,360.0,347.4,358.7,3908
2026-02-05 00:00:00+05:30,356.0,364.95,345.65,348.25,3231
2026-02-06 00:00:00+05:30,349.5,352.0,343.15,349.65,2851
2026-02-09 00:00:00+05:30,359.45,359.45,344.25,346.7,5970
2026-02-10 00:00:00+05:30,349.3,355.9,339.6,340.75,4315
2026-02-11 00:00:00+05:30,330.05,347.75,330.05,334.95,4621
2026-02-12 00:00:00+05:30,334.05,335.6,320.8,325.05,13793
2026-02-13 00:00:00+05:30,325.05,325.75,315.0,317.05,4936
2026-02-16 00:00:00+05:30,320.1,320.35,312.2,313.15,2545
2026-02-17 00:00:00+05:30,310.0,349.0,310.0,334.25,7932
2026-02-18 00:00:00+05:30,344.0,348.0,322.15,345.0,14608
2026-02-19 00:00:00+05:30,349.0,349.0,326.15,328.25,3539
2026-02-20 00:00:00+05:30,328.25,337.0,325.65,330.2,1901
2026-02-23 00:00:00+05:30,325.0,333.4,321.05,324.75,2790
2026-02-24 00:00:00+05:30,324.65,325.95,313.7,316.65,4634
2026-02-25 00:00:00+05:30,322.35,328.6,315.55,327.3,7901
2026-02-26 00:00:00+05:30,323.25,326.35,317.95,320.3,5658
2026-02-27 00:00:00+05:30,320.85,329.45,319.0,323.7,12992
2026-03-02 00:00:00+05:30,340.0,340.0,311.1,313.5,10455
2026-03-04 00:00:00+05:30,313.0,329.9,308.0,313.6,19743
2026-03-05 00:00:00+05:30,312.9,329.9,312.9,321.25,11235
2026-03-06 00:00:00+05:30,321.25,327.65,315.55,319.9,2654
2026-03-09 00:00:00+05:30,315.55,315.95,310.35,312.05,5477
2026-03-10 00:00:00+05:30,321.0,321.0,311.05,315.9,20617
2026-03-11 00:00:00+05:30,319.2,329.0,311.45,322.9,22504
2026-03-12 00:00:00+05:30,323.05,323.9,312.0,313.15,7492
2026-03-13 00:00:00+05:30,313.15,316.85,302.0,303.9,9710
2026-03-16 00:00:00+05:30,306.9,308.45,299.05,306.2,1887
2026-03-17 00:00:00+05:30,310.0,310.0,289.9,295.65,54003
2026-03-18 00:00:00+05:30,292.55,301.3,288.05,289.5,21139
2026-03-19 00:00:00+05:30,288.85,290.0,285.3,288.05,18300
2026-03-20 00:00:00+05:30,285.0,296.8,281.05,282.95,23718
2026-03-23 00:00:00+05:30,283.5,283.5,248.35,252.25,66946
2026-03-24 00:00:00+05:30,259.45,268.0,254.65,259.35,25699
2026-03-25 00:00:00+05:30,258.35,278.15,251.8,259.2,85073
2026-03-27 00:00:00+05:30,259.2,259.2,237.1,249.85,65526
2026-03-30 00:00:00+05:30,246.05,253.2,228.2,238.25,84575
2026-04-01 00:00:00+05:30,239.0,257.85,239.0,249.43,10292
2026-04-02 00:00:00+05:30,247.0,269.0,242.62,263.15,19801
2026-04-06 00:00:00+05:30,269.2,269.9,257.0,258.91,31081
2026-04-07 00:00:00+05:30,258.76,259.01,250.11,253.1,32589
2026-04-08 00:00:00+05:30,260.0,270.0,260.0,262.21,51163
2026-04-09 00:00:00+05:30,269.04,273.0,247.5,258.26,82743
2026-04-10 00:00:00+05:30,262.0,278.88,261.3,275.11,28411
2026-04-13 00:00:00+05:30,268.8,285.59,264.0,279.63,14846
2026-04-15 00:00:00+05:30,280.0,289.9,280.0,285.86,13687
2026-04-16 00:00:00+05:30,286.93,289.9,278.0,288.15,30867
2026-04-17 00:00:00+05:30,289.0,296.06,283.07,292.12,22159
2026-04-20 00:00:00+05:30,293.15,296.0,278.0,280.65,24410
2026-04-21 00:00:00+05:30,284.31,285.29,275.0,278.04,18521
2026-04-22 00:00:00+05:30,272.0,282.78,266.1,269.88,21567
2026-04-23 00:00:00+05:30,269.95,274.0,267.9,269.02,15923
2026-04-24 00:00:00+05:30,269.99,270.55,262.0,262.62,6832
2026-04-27 00:00:00+05:30,265.81,276.0,260.41,270.19,16603
2026-04-28 00:00:00+05:30,272.0,273.99,261.53,265.21,13693
2026-04-29 00:00:00+05:30,261.4,274.39,261.4,263.02,10898
2026-04-30 00:00:00+05:30,265.33,265.79,256.0,259.95,12918
2026-05-04 00:00:00+05:30,260.0,267.65,254.25,255.65,24694
2026-05-05 00:00:00+05:30,259.0,259.0,249.95,254.15,19133
2026-05-06 00:00:00+05:30,258.3,265.05,253.4,256.85,56966
2026-05-07 00:00:00+05:30,260.0,268.85,253.7,261.05,46130
2026-05-08 00:00:00+05:30,260.0,268.0,258.45,260.15,27692
2026-05-11 00:00:00+05:30,260.2,260.2,252.0,252.55,11388
2026-05-12 00:00:00+05:30,255.5,255.7,241.1,241.85,15888
2026-05-13 00:00:00+05:30,243.2,248.9,242.55,243.85,4892
2026-05-14 00:00:00+05:30,240.4,248.0,240.4,243.6,6465
2026-05-15 00:00:00+05:30,244.5,250.8,241.15,244.7,14563
2026-05-18 00:00:00+05:30,244.7,244.7,235.0,239.6,7997
2026-05-19 00:00:00+05:30,241.7,253.4,241.7,247.95,7560
2026-05-20 00:00:00+05:30,243.15,252.75,243.15,248.4,7544
2026-05-21 00:00:00+05:30,249.0,256.95,243.2,248.35,18160
2026-05-22 00:00:00+05:30,251.8,253.2,241.5,242.75,19004
2026-05-25 00:00:00+05:30,244.25,250.75,244.0,248.25,3778
2026-05-26 00:00:00+05:30,249.0,253.0,245.0,245.7,3608
2026-05-27 00:00:00+05:30,248.8,253.0,240.1,242.3,26797
2026-05-29 00:00:00+05:30,242.3,249.45,242.0,244.4,16188
2026-06-01 00:00:00+05:30,240.25,248.4,231.0,232.95,15674
2026-06-02 00:00:00+05:30,239.32,239.32,224.05,231.69,33287
2026-06-03 00:00:00+05:30,232.98,235.87,224.06,227.1,14343
2026-06-04 00:00:00+05:30,224.01,263.8,224.01,251.35,92354
2026-06-05 00:00:00+05:30,258.99,258.99,245.0,248.04,7538
2026-06-08 00:00:00+05:30,248.04,248.39,238.15,239.0,10803
2026-06-09 00:00:00+05:30,239.8,248.96,239.8,245.43,5611
2026-06-10 00:00:00+05:30,246.51,246.51,234.8,236.81,7246
2026-06-11 00:00:00+05:30,238.8,243.94,234.0,235.63,6174
2026-06-12 00:00:00+05:30,238.8,257.98,238.8,254.98,47890
2026-06-15 00:00:00+05:30,254.98,266.55,253.01,257.33,16844
2026-06-16 00:00:00+05:30,258.01,263.0,255.0,257.7,20713
2026-06-17 00:00:00+05:30,260.02,264.56,252.0,254.7,9927
2026-06-18 00:00:00+05:30,252.14,259.0,252.05,256.73,12381
2026-06-19 00:00:00+05:30,256.73,257.5,250.55,252.94,7643
2026-06-22 00:00:00+05:30,249.0,265.03,249.0,257.71,13865
2026-06-23 00:00:00+05:30,255.06,262.87,254.01,255.85,6843
2026-06-24 00:00:00+05:30,254.02,255.62,246.22,251.6,7794
2026-06-25 00:00:00+05:30,250.57,252.0,245.02,246.94,7976
2026-06-29 00:00:00+05:30,245.07,247.99,243.94,244.53,1525
2026-06-30 00:00:00+05:30,247.3,251.52,246.41,248.69,3298
2026-07-01 00:00:00+05:30,249.92,250.06,241.55,242.16,5514
2026-07-02 00:00:00+05:30,244.83,249.01,241.0,241.62,3496
2026-07-03 00:00:00+05:30,243.0,252.0,241.64,245.72,10728
2026-07-06 00:00:00+05:30,246.7,246.7,239.1,241.66,10777
2026-07-07 00:00:00+05:30,244.84,244.84,239.0,241.69,14136
2026-07-08 00:00:00+05:30,245.81,248.83,235.0,238.89,6306
2026-07-09 00:00:00+05:30,237.7,248.0,237.7,244.99,10755
2026-07-10 00:00:00+05:30,245.1,248.49,240.12,241.68,4927
2026-07-13 00:00:00+05:30,243.98,245.0,242.5,243.06,945
2026-07-14 00:00:00+05:30,238.25,248.86,238.25,242.1,4326
2026-07-15 00:00:00+05:30,246.92,250.0,236.53,239.04,21500
2026-07-16 00:00:00+05:30,239.04,244.99,238.0,242.95,15697
2026-07-17 00:00:00+05:30,242.95,247.29,241.04,242.83,24957
2026-07-20 00:00:00+05:30,242.85,251.0,241.5,248.34,6049
2026-07-21 00:00:00+05:30,247.01,247.74,244.06,245.12,1073
2026-07-22 00:00:00+05:30,243.9,289.9,243.0,266.32,427752
2026-07-23 00:00:00+05:30,274.0,274.0,257.19,264.99,65431
2026-07-24 00:00:00+05:30,266.0,284.8,258.0,282.63,94336
2026-07-27 00:00:00+05:30,285.0,287.99,281.02,282.22,24755
2026-07-28 00:00:00+05:30,280.1,290.0,280.1,284.46,13516
2026-07-29 00:00:00+05:30,283.58,288.0,280.2,283.12,13150
2026-07-30 00:00:00+05:30,289.0,289.0,275.11,277.34,14349
2026-07-31 00:00:00+05:30,282.76,287.88,275.01,275.74,7390
2026-08-03 00:00:00+05:30,275.15,283.0,275.15,278.45,7972
2026-08-04 00:00:00+05:30,270.9,274.7,260.5,262.5,23538
2026-08-05 00:00:00+05:30,263.2,276.95,263.2,273.75,31164
2026-08-06 00:00:00+05:30,282.0,287.9,271.0,273.7,25132
2026-08-07 00:00:00+05:30,276.9,276.9,268.65,271.0,5168
2026-08-10 00:00:00+05:30,271.0,281.6,271.0,276.95,78998
2026-08-11 00:00:00+05:30,277.65,296.5,272.5,289.2,71849
2026-08-12 00:00:00+05:30,289.2,318.0,284.65,306.7,185323
2026-08-13 00:00:00+05:30,300.0,314.75,288.3,292.8,67431
2026-08-14 00:00:00+05:30,288.0,305.0,287.45,296.85,12712
2026-08-17 00:00:00+05:30,296.85,349.0,290.8,336.65,173026
2026-08-18 00:00:00+05:30,333.0,345.8,326.25,338.75,52088
2026-08-19 00:00:00+05:30,329.4,350.0,325.0,338.45,56692
2026-08-20 00:00:00+05:30,339.95,385.0,336.55,374.1,245362
2026-08-21 00:00:00+05:30,374.1,393.0,370.55,382.25,99267
2026-08-24 00:00:00+05:30,384.0,393.0,361.7,367.35,70518
2026-08-25 00:00:00+05:30,367.35,375.0,349.0,349.85,23219
2026-08-26 00:00:00+05:30,353.35,353.35,345.05,351.8,4830
2026-08-27 00:00:00+05:30,350.05,352.0,334.25,334.25,12497
2026-08-28 00:00:00+05:30,334.25,334.25,318.6,327.35,10118
2026-08-31 00:00:00+05:30,325.75,339.0,316.0,337.3,6342
2026-09-01 00:00:00+05:30,339.95,339.95,327.0,327.15,3033
2026-09-02 00:00:00+05:30,326.0,339.95,324.4,335.2,8079
2026-09-03 00:00:00+05:30,337.95,338.0,324.2,328.7,3413
2026-09-04 00:00:00+05:30,342.0,345.1,340.0,345.1,11466
2026-09-07 00:00:00+05:30,359.0,362.35,349.0,362.3,20277
2026-09-08 00:00:00+05:30,355.0,379.5,348.0,356.0,28671
2026-09-09 00:00:00+05:30,356.0,363.0,349.1,350.0,7689
2026-09-10 00:00:00+05:30,350.0,350.0,333.3,338.05,9721
2026-09-11 00:00:00+05:30,333.0,337.0,323.0,331.7,6333
2026-09-15 00:00:00+05:30,328.1,330.9,315.2,316.1,4822
2026-09-16 00:00:00+05:30,316.1,316.1,300.3,309.35,10338
2026-09-17 00:00:00+05:30,311.0,324.8,311.0,324.8,80540
2026-09-18 00:00:00+05:30,326.0,341.0,326.0,341.0,13887
2026-09-21 00:00:00+05:30,350.0,350.0,330.7,332.9,3244
2026-09-22 00:00:00+05:30,330.1,340.85,329.0,338.35,4143
2026-09-23 00:00:00+05:30,347.0,347.0,323.05,327.2,7621
2026-09-24 00:00:00+05:30,325.0,325.0,311.0,313.05,9571
2026-09-25 00:00:00+05:30,314.55,327.8,310.25,316.8,3460
